"genes" "slopes" "intercept" "p_val_slope" "p_val_intercept" "number_of_species"
"1" "dN.dS_ENSG00000166181" 9.68589448740594e-06 0.023428474157518 0.0122977725208912 0.0578637792168434 47
"2" "dN.dS_ENSG00000108671" 5.48274847810911e-06 0.0337666653869002 0.536598024294342 0.257757169499564 19
"3" "dN.dS_ENSG00000076108" -6.4290105030675e-07 0.20172867684962 0.711682477774157 2.26326820672631e-36 59
"4" "dN.dS_ENSG00000140153" 7.36185810943775e-06 0.042676761588241 0.100248968804439 0.0187603044638199 55
"5" "dN.dS_ENSG00000172262" -1.5014455132177e-07 0.0870780807695941 0.964706811651766 1.59156217521563e-08 59
"6" "dN.dS_ENSG00000123200" 1.14629094680797e-05 0.0736183328380531 5.37405567621536e-06 3.18619367408749e-12 58
"7" "dN.dS_ENSG00000153560" 6.55819253533965e-05 -0.0255909240325313 3.00508790029799e-05 0.641992364765901 59
"8" "dN.dS_ENSG00000143393" 1.98355732664654e-05 -0.00353778951176018 9.15919645756329e-06 0.82084548076342 65
"9" "dN.dS_ENSG00000157450" -1.18265793693262e-06 0.0997839929783835 0.404733708675369 5.01266203882203e-27 66
"10" "dN.dS_ENSG00000198910" -4.5398880418481e-07 0.0777946723172592 0.820636296727828 4.78497562681525e-15 63
"11" "dN.dS_ENSG00000014641" 2.46884741815385e-05 0.0894022387931652 0.00126643344467219 0.00278972253055989 57
"12" "dN.dS_ENSG00000137845" 5.45282799819881e-06 0.0519487981125812 0.074761071456689 4.0497191327126e-06 51
"13" "dN.dS_ENSG00000090975" 2.33766163453699e-06 0.0537812074002522 0.313537013536598 3.2766571426877e-07 52
"14" "dN.dS_ENSG00000173757" 1.68180217086119e-05 0.0144627050183274 0.000406148071393162 0.42330903444635 55
"15" "dN.dS_ENSG00000175115" 1.17227984457588e-05 0.0220532212492223 0.000862251364977656 0.0829268394483861 59
"16" "dN.dS_ENSG00000121274" 4.02466985678306e-05 0.0711266498150387 1.87568154667172e-05 0.019707520671958 54
"17" "dN.dS_ENSG00000168610" 3.60018834921937e-05 -0.0422267109477117 2.69233673822231e-08 0.0457442767882583 43
"18" "dN.dS_ENSG00000198822" 1.17098780938244e-05 0.0121193924398553 4.84505729812237e-05 0.25122101968836 60
"19" "dN.dS_ENSG00000104388" 2.33437574084551e-05 0.0124496987632497 1.43451774941632e-05 0.493631651450724 34
"20" "dN.dS_ENSG00000100505" 1.21606792493586e-05 0.0163871496818147 1.09539824315986e-06 0.0626481082329475 67
"21" "dN.dS_ENSG00000138757" -2.10268529243148e-06 0.0391979978358218 0.68224102137589 0.0170094285493742 48
"22" "dN.dS_ENSG00000155545" 8.29871278985756e-06 0.0496357497206546 0.000374288092151108 1.04730786734264e-07 63
"23" "dN.dS_ENSG00000073584" 1.88501768528136e-05 0.0188535623360023 3.14964866918675e-06 0.15286904819614 36
"24" "dN.dS_ENSG00000205323" 1.67367682166821e-05 0.0927094897330378 0.0766533952001797 0.00418771986722146 47
"25" "dN.dS_ENSG00000104885" 4.83175629921695e-06 0.0774707523773162 0.00124198398287611 1.85184018864297e-20 60
"26" "dN.dS_ENSG00000094880" 4.31888498027518e-06 0.0406037863426294 0.0109057290170663 2.27157563268447e-08 62
"27" "dN.dS_ENSG00000157193" 1.34138217713533e-05 0.116039478231889 3.94192093845652e-07 4.71528167483292e-18 59
"28" "dN.dS_ENSG00000155096" 5.16944781534483e-06 0.119178103133465 0.159184405095294 4.68404872634014e-13 53
"29" "dN.dS_ENSG00000125952" 5.17157644874862e-05 0.0265831164465848 0.000861524515215335 0.545213314317829 30
"30" "dN.dS_ENSG00000105705" 3.39054130594025e-07 0.079434939539136 0.865669394963641 4.7124660394891e-14 59
"31" "dN.dS_ENSG00000126457" 1.55780598260954e-05 -0.00482244786678371 0.00413372244936588 0.803869411926752 31
"32" "dN.dS_ENSG00000173889" 3.39360896529706e-05 0.0111918163244289 0.000420239033586635 0.748455110493001 65
"33" "dN.dS_ENSG00000149930" 8.74448794833248e-06 0.074256869406694 0.0158630516006967 5.99659392726852e-07 64
"34" "dN.dS_ENSG00000163462" -6.60989641105815e-07 0.0390940232719255 0.742976869047622 1.62983516830783e-06 62
"35" "dN.dS_ENSG00000130826" 7.22208225172015e-07 0.0983628431159537 0.812889270429891 7.75253200485236e-12 56
"36" "dN.dS_ENSG00000102230" 1.15619876970534e-05 0.0190232768337412 0.0111225083197112 0.207797709339921 60
"37" "dN.dS_ENSG00000175387" 9.25066123446125e-06 0.00685882875536674 0.174605656876755 0.691049802277251 28
"38" "dN.dS_ENSG00000113387" 1.14319594911686e-05 0.0392679109217987 0.250148652349411 0.156976035794566 37
"39" "dN.dS_ENSG00000153201" 1.60414868817721e-05 0.138166447825123 2.96698339342278e-06 5.81362116407578e-19 55
"40" "dN.dS_ENSG00000148835" 2.16511840907347e-05 0.0511464055558695 0.000688703659808297 0.0267279681976344 59
"41" "dN.dS_ENSG00000097007" 7.14413884169575e-07 0.0850895050451826 0.652074965548315 1.43167926267011e-19 58
"42" "dN.dS_ENSG00000189221" 9.51617346968402e-07 0.137349651779254 0.601203935698687 1.32182954635171e-27 61
"43" "dN.dS_ENSG00000150753" 7.35687485157387e-06 0.0144041002763279 0.138618751372297 0.339648536462851 41
"44" "dN.dS_ENSG00000184863" 6.92894488003639e-06 0.107615413780003 0.0183081253067835 2.33244553062215e-12 51
"45" "dN.dS_ENSG00000145604" 2.41866215289163e-05 0.113698978565272 3.10301920298172e-05 6.83659659423724e-07 59
"46" "dN.dS_ENSG00000151553" 6.43045311919247e-06 0.0663766933207827 0.00754981509272445 5.36004516158001e-10 63
"47" "dN.dS_ENSG00000082701" 4.52589177102369e-05 -0.0247583036343075 1.84435619316817e-07 0.3954310088272 55
"48" "dN.dS_ENSG00000127663" 6.99731174071841e-06 0.0239757701725998 0.00104710837122232 0.0167940580524481 28
"49" "dN.dS_ENSG00000108406" 4.28136081988089e-06 0.0499625449220162 0.273848126554208 0.000823530307396181 57
"50" "dN.dS_ENSG00000161057" 3.1682020936277e-05 -0.0250622494475289 0.000753311109388691 0.30675075947556 19
"51" "dN.dS_ENSG00000089157" 5.45947658175062e-06 0.116656697656232 0.821612303152566 0.204675515321711 19
"52" "dN.dS_ENSG00000169967" 7.81478297311117e-06 0.0394055034096504 0.0597493031503804 0.0151006279396 62
"53" "dN.dS_ENSG00000184708" 1.42120066744866e-05 0.107178051004565 0.0107393064571388 2.59472188148559e-06 62
"54" "dN.dS_ENSG00000132680" 9.52075684860776e-06 0.0524332110036507 0.0482777304045563 0.00290452610618016 53
"55" "dN.dS_ENSG00000121879" 3.63448657495296e-05 -0.0434193619093671 0.000484142055509813 0.241952038533352 53
"56" "dN.dS_ENSG00000108848" 4.57676618718746e-06 0.0380863020569375 0.111536594687166 0.00110423975570902 58
"57" "dN.dS_ENSG00000166233" 2.86151670322573e-05 0.0161977390059105 0.0196084558278026 0.655167067094394 42
"58" "dN.dS_ENSG00000066382" 1.6717874250026e-05 0.0268606651717227 0.26690701155206 0.520589256940689 31
"59" "dN.dS_ENSG00000198791" 1.6562299234778e-06 0.0044408622775809 0.00450102820504772 0.000470023178108616 12
"60" "dN.dS_ENSG00000176986" 1.24893691775949e-05 0.124742454607485 0.003087090169034 8.7555647842513e-10 35
"61" "dN.dS_ENSG00000141646" -2.77582509041105e-06 0.0500725542685268 0.471376354349477 9.23979071206976e-05 49
"62" "dN.dS_ENSG00000175931" 1.10340636540912e-05 0.0251665503818841 0.00213003888057048 0.0605264919207607 59
"63" "dN.dS_ENSG00000158545" 1.35342297363785e-05 0.0699242314135052 7.14317041776517e-06 1.90559697734702e-08 61
"64" "dN.dS_ENSG00000110171" 2.39433826800378e-05 -0.0270673564196781 3.15590156334177e-06 0.13333009047046 62
"65" "dN.dS_ENSG00000157540" 4.70056453049797e-06 0.0121416346583697 0.00132659141605691 0.0120902301983984 57
"66" "dN.dS_ENSG00000170873" 1.54289325100517e-05 0.0160589277380315 0.000178904856564351 0.290396622289784 63
"67" "dN.dS_ENSG00000141456" 5.74898406076706e-06 0.152185450946826 0.183180030003748 1.80546576435767e-13 65
"68" "dN.dS_ENSG00000108061" 1.94582192873221e-06 0.0443277521099174 0.729765822140673 0.0193017372560796 52
"69" "dN.dS_ENSG00000114209" 9.46705729098227e-06 0.020762565751534 0.0600467668702279 0.207960969597631 50
"70" "dN.dS_ENSG00000183431" 1.36522735734105e-05 0.00175461614777552 0.000795179196474915 0.893695655507019 49
"71" "dN.dS_ENSG00000162923" 2.22073447992309e-05 0.0175368155024165 0.00277143449840698 0.466759646951948 48
"72" "dN.dS_ENSG00000147421" 2.19691704914888e-05 0.0228680129846796 0.0118194024253289 0.471382367234608 42
"73" "dN.dS_ENSG00000009335" 1.19217952365643e-05 0.0476006913165795 0.00652639480372261 0.00539464438583309 64
"74" "dN.dS_ENSG00000122482" 1.25325827794535e-05 0.127920556835458 0.00095291384621265 1.87773907915874e-13 67
"75" "dN.dS_ENSG00000159720" 6.6451132271671e-06 0.00165158645167117 0.0373816282868091 0.881856430850759 28
"76" "dN.dS_ENSG00000156983" 5.20625142921641e-06 0.00827655721610643 9.67684264145984e-05 0.0841907963863892 68
"77" "dN.dS_ENSG00000100603" 1.27472819748658e-05 0.151497335623492 0.0257101920210911 1.4590205925859e-08 56
"78" "dN.dS_ENSG00000135624" 5.37635196603914e-06 0.0544459527093642 0.380728904853756 0.0299255878905669 47
"79" "dN.dS_ENSG00000112640" 3.4158326500387e-06 0.015953661492095 0.00842281759925262 0.000552409627754279 59
"80" "dN.dS_ENSG00000160216" -4.42630382377952e-07 0.0493418729900724 0.802930834690667 6.08691564944289e-09 46
"81" "dN.dS_ENSG00000114742" 3.83588745276889e-05 -0.0470157492174898 4.22251868356018e-06 0.109404632287389 52
"82" "dN.dS_ENSG00000101191" -6.15660971636566e-07 0.176444063329979 0.694189333856218 1.7577791701546e-32 54
"83" "dN.dS_ENSG00000126261" 1.78652131482687e-05 0.0320915662983443 0.0122759464552332 0.185687026077169 51
"84" "dN.dS_ENSG00000068831" 3.93304742000179e-06 0.0186011513323463 0.0418027168375314 0.0102643303239162 57
"85" "dN.dS_ENSG00000177380" 5.27522264985882e-06 0.0112908232274516 0.00803736117660678 0.154135004346321 53
"86" "dN.dS_ENSG00000138207" -1.37769488463901e-06 0.0873878274835427 0.614202062037734 6.71343389862571e-14 64
"87" "dN.dS_ENSG00000005007" 1.83716436633822e-05 -0.0243928017517491 1.52517714061678e-05 0.0922972446543099 49
"88" "dN.dS_ENSG00000136709" 3.84823876180878e-06 0.0519474000682814 0.189570152658409 2.34995001632462e-05 64
"89" "dN.dS_ENSG00000065243" 9.65747078807155e-06 0.0703935006033496 0.000355616168463561 1.88431537976533e-09 59
"90" "dN.dS_ENSG00000174437" 1.5836918106849e-05 0.00682202631647073 0.000310850339599908 0.668420468313224 64
"91" "dN.dS_ENSG00000176208" 2.75226142617476e-05 0.274666729753215 9.66290578711667e-07 1.79473584326598e-21 62
"92" "dN.dS_ENSG00000107882" 1.86930823365186e-05 0.0106976111671299 0.00018828312924635 0.535367070161865 63
"93" "dN.dS_ENSG00000174243" 6.54556636683674e-06 0.00418271975174524 0.070712781178086 0.726645576106772 59
"94" "dN.dS_ENSG00000152127" 6.61516512577848e-07 0.0378207967608103 0.780352925946865 4.21797188868831e-05 60
"95" "dN.dS_ENSG00000087087" 4.27232397789924e-06 0.00860559860275199 0.0219187143079124 0.226048215129988 61
"96" "dN.dS_ENSG00000137075" 3.53137624896349e-05 0.0630014935763394 0.00402060030330949 0.140443390045737 52
"97" "dN.dS_ENSG00000139842" 8.79719728195855e-06 0.0224734476801188 0.0204907237398784 0.131877359648584 49
"98" "dN.dS_ENSG00000120616" 3.60603321613915e-06 0.0984769341380443 0.476752268777914 1.62687319411425e-06 61
"99" "dN.dS_ENSG00000080815" 4.51132186287152e-06 0.100923296335156 0.214392217512511 3.35457998385223e-11 55
"100" "dN.dS_ENSG00000096746" 3.69885444072759e-06 0.0530849696089405 0.672985298721049 0.0883834016718231 30
"101" "dN.dS_ENSG00000136504" 1.25766332629415e-06 0.0233223260614358 0.617138700302317 0.00386986772961289 46
"102" "dN.dS_ENSG00000174444" 2.49517773889812e-06 0.065922278554574 0.452489832868915 2.57089129329776e-06 45
"103" "dN.dS_ENSG00000072364" 5.14338151348543e-06 0.100896857496784 0.0576820880398056 4.22240558003326e-14 59
"104" "dN.dS_ENSG00000108001" 1.98066892434382e-05 0.00772123045467191 0.00542087000792342 0.759551196863652 62
"105" "dN.dS_ENSG00000078900" 5.33127907992588e-06 0.0292566717546368 0.101499340735078 0.0534666777177266 42
"106" "dN.dS_ENSG00000197122" 1.1368992322746e-06 0.0124096283288832 0.316730370956828 0.00275633530917766 61
"107" "dN.dS_ENSG00000162337" 2.94392468747841e-05 -0.0802174684797727 0.00906104230218226 0.112280982051265 12
"108" "dN.dS_ENSG00000073464" 4.78675457399733e-06 0.00689730539974292 0.220716766088466 0.570709470947879 51
"109" "dN.dS_ENSG00000154380" 9.51082319987423e-06 0.13864525551514 0.100554287528992 6.69188753902545e-08 59
"110" "dN.dS_ENSG00000096384" 3.92257236697994e-06 0.00509998534189135 0.0509996719883118 0.495501979732908 47
"111" "dN.dS_ENSG00000100883" 6.81897580265177e-05 -0.0411141295641466 2.2900885147104e-08 0.191174812072006 33
"112" "dN.dS_ENSG00000065559" 7.14457211189351e-06 0.11024328106264 0.425401288160003 0.00155571646405617 43
"113" "dN.dS_ENSG00000168439" 1.11605281335909e-05 0.0317465237789517 0.00311443008618043 0.0178652252036568 46
"114" "dN.dS_ENSG00000145632" 1.39312808915609e-06 0.0315477932387575 0.250680486483395 5.22246257781688e-10 57
"115" "dN.dS_ENSG00000090372" 1.50246527424229e-06 0.0506090049041687 0.542677815908406 2.75294298662167e-06 54
"116" "dN.dS_ENSG00000125304" 1.3640085862069e-05 0.0587925192790409 1.30490589506622e-05 2.22371883453027e-07 63
"117" "dN.dS_ENSG00000131876" 6.78818672969188e-06 0.0512049881129759 0.39232502358552 0.0295768897077423 31
"118" "dN.dS_ENSG00000186260" 9.56458146133122e-07 0.166636040490664 0.677936105304188 1.590093401114e-28 63
"119" "dN.dS_ENSG00000198720" 6.62817533668835e-06 0.0304732717811174 0.0185220751008221 0.00481200237427128 59
"120" "dN.dS_ENSG00000196419" -3.83383101263814e-07 0.184977802203027 0.934997945884415 7.50301349297261e-16 55
"121" "dN.dS_ENSG00000142208" 1.04725087972666e-05 -0.00252167342119699 0.00093831477201528 0.826221278054545 36
"122" "dN.dS_ENSG00000164076" 1.37761692230318e-05 0.0697672180569706 9.49054332692477e-06 1.63216953022493e-08 61
"123" "dN.dS_ENSG00000071243" 9.15444336235562e-06 0.0177008123106512 0.00590483764852809 0.106360295685404 56
"124" "dN.dS_ENSG00000109971" 1.50185017857102e-06 0.0228376386080201 0.79234009797134 0.107133661101354 21
"125" "dN.dS_ENSG00000116106" 5.8171205083755e-06 0.0185479812828595 0.108415346282724 0.158448502603748 58
"126" "dN.dS_ENSG00000197170" -1.50909285937871e-06 0.0255814911695115 0.51402298578099 0.000663639315391356 45
"127" "dN.dS_ENSG00000124702" 8.17205781967713e-06 0.0644280072528657 0.0984329592573912 0.00123164408795192 64
"128" "dN.dS_ENSG00000156261" 1.1475835214571e-05 0.0331261652322848 0.00175738974351125 0.0161038528393297 60
"129" "dN.dS_ENSG00000054965" 4.51498331174254e-06 0.0524304416963804 0.686189996992424 0.184263883872641 35
"130" "dN.dS_ENSG00000156642" 1.43331328318398e-05 0.111671608907569 0.0284834994807504 3.17740188674655e-06 55
"131" "dN.dS_ENSG00000129083" 5.32279627887413e-06 0.0124210818616717 0.0186800223988725 0.145549137749409 64
"132" "dN.dS_ENSG00000094631" 7.70112598592325e-06 0.259407256770924 0.10087546181665 1.74687820958189e-20 54
"133" "dN.dS_ENSG00000138668" 2.2543619433936e-05 0.159996050388941 0.0129706273563567 4.44444347869407e-06 49
"134" "dN.dS_ENSG00000077147" 2.67728960302056e-05 0.000833970731377523 0.000161220721208919 0.973677854917133 54
"135" "dN.dS_ENSG00000036549" 1.15774290249437e-05 0.131466566442212 0.000190636089806462 7.73303049006972e-16 55
"136" "dN.dS_ENSG00000100353" 1.05453270619627e-05 -0.00826373968227836 0.000295458879892144 0.35573167157879 45
"137" "dN.dS_ENSG00000124813" 7.59248204647928e-05 0.0330036392934346 4.4032651972104e-07 0.493527311082272 47
"138" "dN.dS_ENSG00000070808" 2.15781214862633e-05 -0.0198349317499616 0.00010744757162972 0.14736771934727 39
"139" "dN.dS_ENSG00000107758" 2.19386638625529e-05 0.00790792419800641 1.28679735462963e-05 0.636922682989088 53
"140" "dN.dS_ENSG00000142459" 2.60120416369447e-06 0.00634087059120381 0.311634634232815 0.541664072946072 33
"141" "dN.dS_ENSG00000116560" 2.62001617503775e-06 0.0754138366839838 0.706079039864544 0.00356819011612345 42
"142" "dN.dS_ENSG00000198730" 8.39537186260041e-06 0.016534293457316 0.00015591399140627 0.0417807562816985 66
"143" "dN.dS_ENSG00000101138" 1.20254569927903e-06 0.00663733118610101 0.563717518790029 0.280566754469693 42
"144" "dN.dS_ENSG00000165916" 1.52120013014959e-06 0.0120533036029182 0.115855470916596 0.00233260874984665 47
"145" "dN.dS_ENSG00000133216" 8.9001749897345e-06 0.0160105787664843 0.000549122461579993 0.092239088348581 62
"146" "dN.dS_ENSG00000137815" 5.69086104724173e-06 0.0134494918670514 0.0381257322519948 0.144579056702023 47
"147" "dN.dS_ENSG00000114554" 1.31719214627813e-06 0.0183150193078655 0.204100174115468 5.10045676809408e-05 48
"148" "dN.dS_ENSG00000169710" 1.00422321824834e-06 0.120320842443301 0.651636034306353 1.1147887067275e-10 25
"149" "dN.dS_ENSG00000083307" 1.08076992144049e-06 0.0541230349421408 0.654166793374709 1.60890494503253e-08 57
"150" "dN.dS_ENSG00000047056" 5.99876303422539e-06 0.0325459440071525 0.0233906557375503 0.0021132530317667 60
"151" "dN.dS_ENSG00000153046" 1.18027445137443e-05 0.0471831534216012 0.00681983793893982 0.00624777906474587 56
"152" "dN.dS_ENSG00000132485" 3.55921173281542e-05 0.0300662198367727 0.000298915570855582 0.352847761232008 52
"153" "dN.dS_ENSG00000183814" 4.1190978333665e-05 0.0217872931324129 6.78858240086125e-05 0.567731415390292 57
"154" "dN.dS_ENSG00000115875" 1.28112480049385e-05 0.0433238315925574 0.191788920319318 0.155689886039176 43
"155" "dN.dS_ENSG00000102974" 7.2559297258673e-06 0.00657828833845169 0.0077130808641825 0.451853184700815 62
"156" "dN.dS_ENSG00000124571" 5.24616451531879e-06 0.111644532226646 0.258504944316616 4.98483465250461e-08 60
"157" "dN.dS_ENSG00000118454" 1.17828256450442e-06 0.11557983875419 0.812791205246346 9.40176641878362e-08 65
"158" "dN.dS_ENSG00000149136" -1.98727888164746e-07 0.0262921061124255 0.948573308762227 0.0175722976701751 58
"159" "dN.dS_ENSG00000163634" 1.32695371123371e-05 0.031409484886076 0.005656431458201 0.0649248140339543 48
"160" "dN.dS_ENSG00000102226" 1.07795891505078e-05 0.124431055479948 0.00246611065493805 2.02575132678329e-12 57
"161" "dN.dS_ENSG00000148400" -1.40852248579125e-06 0.0416589174324014 0.352191494472136 7.34862463504093e-07 32
"162" "dN.dS_ENSG00000139687" 3.03494447720889e-06 0.102324818443939 0.196971708960041 7.26792763955514e-18 64
"163" "dN.dS_ENSG00000109111" 6.84570521902537e-06 0.0095645844989281 0.0112354866250874 0.339833151727184 65
"164" "dN.dS_ENSG00000108262" 1.49308254652803e-05 0.00776424330643798 8.48108351500857e-05 0.569977857240453 62
"165" "dN.dS_ENSG00000082641" 2.41658038532858e-06 0.0482032282417952 0.213806494042364 5.53821332929317e-09 62
"166" "dN.dS_ENSG00000091622" 2.31238218482956e-06 0.046402299046259 0.152223181176478 3.13563044877579e-10 63
"167" "dN.dS_ENSG00000147548" 1.44903227877355e-05 0.0700272150688955 0.000103629717929289 5.1572200938837e-06 55
"168" "dN.dS_ENSG00000183207" 5.80609237199753e-06 0.00347871058655281 0.0183240803095629 0.691128478428404 38
"169" "dN.dS_ENSG00000131725" 9.56554407694633e-06 0.117475970839582 0.00217627260737135 9.52350651195906e-15 61
"170" "dN.dS_ENSG00000136448" 8.37767408813835e-06 0.0203562108160337 0.000277345841666343 0.00752433407275973 56
"171" "dN.dS_ENSG00000067842" 6.15552130040838e-06 0.0122415063288114 0.000106114149178316 0.0198802629535855 60
"172" "dN.dS_ENSG00000154727" -4.63216689576727e-07 0.028384075034475 0.755934452370949 9.91895190188864e-08 55
"173" "dN.dS_ENSG00000115935" 1.44503780999063e-05 0.14675342615076 0.00397130062219197 3.04745652570954e-09 45
"174" "dN.dS_ENSG00000126583" 1.27562546699711e-05 0.0031052627200895 2.7424455799642e-05 0.775907497056064 62
"175" "dN.dS_ENSG00000196961" 3.73819178542701e-06 0.0120580773596979 0.112425969334177 0.162076666859628 61
"176" "dN.dS_ENSG00000171843" 1.11556677638557e-05 0.0279403302551634 0.0067612539645784 0.0665918827277801 45
"177" "dN.dS_ENSG00000142230" 8.64683291892428e-06 0.0833337081438065 0.213728578981325 0.000686426518014424 47
"178" "dN.dS_ENSG00000110048" 9.98858541462586e-06 0.0306917502931032 0.00310181906618111 0.0176398627720602 60
"179" "dN.dS_ENSG00000151612" 4.83655384381526e-06 0.0797124364839598 0.047350158468727 3.12603385664142e-12 60
"180" "dN.dS_ENSG00000168522" 1.13410052607081e-05 0.0950885513380991 0.0343692185996153 1.14124777955841e-05 54
"181" "dN.dS_ENSG00000095787" 4.60383224273844e-05 0.0215003610359799 7.77578532732504e-06 0.568031355536661 55
"182" "dN.dS_ENSG00000196323" 8.05063826031084e-06 0.0632114649180878 0.0274762169027336 2.76246033336353e-05 55
"183" "dN.dS_ENSG00000170144" 2.57345508691325e-05 0.119468176526197 0.246273936686943 0.16567770503187 24
"184" "dN.dS_ENSG00000143376" 1.31285154845147e-05 0.0366151732461365 0.0398687624196205 0.103503061666909 61
"185" "dN.dS_ENSG00000176444" 1.56901267421524e-05 0.0250961904134344 0.00862774912074701 0.192146521074943 62
"186" "dN.dS_ENSG00000135040" 7.41821844913848e-06 0.0183846964582479 0.0438438142290038 0.145103683531695 57
"187" "dN.dS_ENSG00000173039" 3.11386494060314e-06 0.107216224205265 0.330553960117289 1.30196021127623e-11 56
"188" "dN.dS_ENSG00000087095" 1.70670845893206e-05 0.0302369508658199 0.0617093319977797 0.292813425348256 34
"189" "dN.dS_ENSG00000106615" 1.42831206525384e-05 0.0291627794840728 0.0175757941256604 0.183845142952023 49
"190" "dN.dS_ENSG00000122299" 1.54636516501327e-06 0.11058954263908 0.666003989426776 2.69776353351184e-11 64
"191" "dN.dS_ENSG00000159352" 3.41217498768504e-05 -0.0206448636054646 7.67108231870137e-05 0.493333248599079 47
"192" "dN.dS_ENSG00000162706" 1.20111197004364e-05 0.0550075141478699 0.00262428461726514 0.000175971417066309 66
"193" "dN.dS_ENSG00000133422" -1.33867379030384e-06 0.107741117422519 0.638740355574828 3.38668501960694e-12 54
"194" "dN.dS_ENSG00000198853" 2.36299494067202e-05 0.129822147875152 5.42614612812536e-14 7.23272099927162e-20 59
"195" "dN.dS_ENSG00000166477" 8.01168173159821e-06 0.0293850554063966 0.00114086225664374 0.00148348217541059 56
"196" "dN.dS_ENSG00000136261" 5.99081528432541e-05 -0.0731131851598584 0.000251687090195476 0.140522440783302 39
"197" "dN.dS_ENSG00000163466" 4.54283188059419e-05 0.021974272302481 0.000325665105457793 0.623846939882709 41
"198" "dN.dS_ENSG00000087258" 6.20565838803598e-06 0.0282767782683698 0.00479521998081774 0.000580810660445408 54
"199" "dN.dS_ENSG00000122515" 2.5396811032125e-06 0.0944604457626914 0.254688655528687 3.4093564122934e-16 61
"200" "dN.dS_ENSG00000145431" 1.19603491590902e-05 0.111010130718896 0.0574104283510889 1.44663042275052e-05 65
"201" "dN.dS_ENSG00000196700" 3.62958993130291e-06 0.0914004354812886 0.0625209040936483 1.11730346273903e-17 61
"202" "dN.dS_ENSG00000168036" -8.69755706896018e-07 0.00883639501469729 0.534272518148273 0.0360678665983585 36
"203" "dN.dS_ENSG00000068366" 1.66050673218437e-05 0.0161198904707164 4.84660388210359e-09 0.0903854198537982 59
"204" "dN.dS_ENSG00000100614" 1.7947477099087e-05 0.120717170512008 0.0825722028535222 0.00127198579872623 52
"205" "dN.dS_ENSG00000011304" 4.28206446052397e-06 0.00874343990106197 0.131595144560853 0.394029769137089 33
"206" "dN.dS_ENSG00000103249" 2.09512544979202e-05 0.000343689118147902 2.84147889786909e-08 0.977417697338635 50
"207" "dN.dS_ENSG00000079432" 1.0768473544424e-05 0.0866722012816043 1.85518565483123e-06 9.95053651385333e-17 59
"208" "dN.dS_ENSG00000126581" 1.50492242495191e-05 0.0175982404542759 0.00555850740052302 0.403077337241933 52
"209" "dN.dS_ENSG00000079805" 7.74865407078768e-06 0.0254266113354288 0.00195522769318668 0.00733516859994215 61
"210" "dN.dS_ENSG00000169032" 1.12274338960432e-05 0.00264832653331589 0.0084907027810065 0.85463712808207 52
"211" "dN.dS_ENSG00000115053" 1.73939127905943e-05 0.115276572193023 0.00150078798045739 4.52072679673145e-06 46
"212" "dN.dS_ENSG00000205339" 1.14202759318638e-05 0.0112999049573404 0.0195067541871253 0.525806777728761 42
"213" "dN.dS_ENSG00000151617" 1.55746612532949e-05 0.047491020557793 9.68894488077291e-07 3.56236097419797e-05 62
"214" "dN.dS_ENSG00000157212" 2.45456783047144e-05 0.0710230282783242 5.46015669721162e-06 0.000478875346513876 53
"215" "dN.dS_ENSG00000162374" 4.65551712219487e-06 0.0398511963670572 0.207542976638246 0.00128004163554929 58
"216" "dN.dS_ENSG00000165494" 1.40700824355513e-06 0.076461756069343 0.194976468970485 9.35447189442785e-27 65
"217" "dN.dS_ENSG00000100664" 1.29409280200553e-05 0.0467068314968417 0.0258204510109931 0.0333228037707958 63
"218" "dN.dS_ENSG00000106723" 7.52223391010189e-06 0.0175839915578344 0.267093136140241 0.415610771242552 28
"219" "dN.dS_ENSG00000179295" 6.6891650781248e-06 0.00267946653227927 8.23860041857052e-06 0.571191920236543 48
"220" "dN.dS_ENSG00000100316" 1.05435253318071e-05 0.00427524950420095 0.00536679098993031 0.72004982032273 37
"221" "dN.dS_ENSG00000062485" 1.08294887940401e-05 0.0851856496639543 0.0297540564280914 0.000128631547204191 53
"222" "dN.dS_ENSG00000161405" 5.09928615037038e-05 0.0205533787980312 2.24690157890285e-05 0.635630695341514 65
"223" "dN.dS_ENSG00000008441" 1.49931113869975e-05 0.0601174698558776 5.5952415423081e-08 2.0619972773838e-08 65
"224" "dN.dS_ENSG00000118260" -1.54964048740629e-07 0.0336787731905202 0.982075001801484 0.0464218199121125 29
"225" "dN.dS_ENSG00000215421" 1.17494634466486e-05 0.233558759635884 0.000222846089634045 3.12251164889527e-27 56
"226" "dN.dS_ENSG00000121022" 1.53361074291661e-05 0.00329316570173734 0.12712156296281 0.887113972762223 25
"227" "dN.dS_ENSG00000198963" 1.61524914792944e-05 0.0205231387826339 1.80769695830737e-09 0.0213009920714861 63
"228" "dN.dS_ENSG00000107105" 3.92296315893798e-05 -0.00372382099874048 9.95083097634192e-07 0.880192526130004 35
"229" "dN.dS_ENSG00000154832" 2.1949619777124e-05 -0.0142236606438744 1.39366722638007e-05 0.421612763138344 61
"230" "dN.dS_ENSG00000141030" 2.29277354036685e-05 -0.00286636239822623 0.00788364470576956 0.91019619970902 34
"231" "dN.dS_ENSG00000136231" 7.08684461661893e-07 0.0566029746683134 0.845789561583891 4.32871635768806e-05 57
"232" "dN.dS_ENSG00000132155" 7.95162240382804e-06 0.0165579958986048 0.00571486705734297 0.0914123779916513 59
"233" "dN.dS_ENSG00000136848" 1.95286899947599e-05 0.019262104345683 1.54501902539189e-07 0.131183950240203 64
"234" "dN.dS_ENSG00000107864" 5.13896628465294e-06 0.0373854490875206 0.000999682074473182 3.19793729997188e-08 58
"235" "dN.dS_ENSG00000172239" -2.87500079562399e-06 0.121093258880171 0.588051978381336 4.15537398149489e-07 51
"236" "dN.dS_ENSG00000141551" 7.05117791373192e-06 0.0196750911608814 0.00355715415388001 0.0186259424671947 55
"237" "dN.dS_ENSG00000100852" 7.84043327353014e-06 0.0286278757465876 0.00018213994717033 0.000100591810391639 58
"238" "dN.dS_ENSG00000080709" 2.17124799644082e-05 -0.000624522597773665 4.40838053058021e-05 0.973937621904609 59
"239" "dN.dS_ENSG00000153187" 1.20345871968022e-05 0.0338003739934878 0.0230461915741279 0.0717012552752173 54
"240" "dN.dS_ENSG00000106459" -3.66759257497005e-06 0.0941265065793668 0.63326378192281 0.000155461109894313 45
"241" "dN.dS_ENSG00000116809" 4.39546764811324e-06 0.0441621835672549 0.0422149299542898 1.03817559496839e-06 62
"242" "dN.dS_ENSG00000165699" 2.02642136307931e-05 0.112000083547891 8.33114364806522e-10 3.03094756675445e-15 66
"243" "dN.dS_ENSG00000113657" 5.73281721414829e-06 0.0183261587261157 0.0307856425825908 0.0498539314472514 58
"244" "dN.dS_ENSG00000108424" 1.43619556245695e-05 -0.000737387321674625 4.05271850581546e-05 0.944427731486706 49
"245" "dN.dS_ENSG00000119042" 1.48697128916839e-06 0.0145440523599711 0.146262957933806 6.30147109188426e-05 57
"246" "dN.dS_ENSG00000182979" 1.27909463251538e-05 0.0172061718645079 0.000128465477261332 0.134893409596693 59
"247" "dN.dS_ENSG00000110880" 2.44077427590239e-05 0.0433281152304735 0.00135344266246528 0.141742108144975 57
"248" "dN.dS_ENSG00000033800" 8.07762173595826e-06 0.0404435692230982 0.00145032663055148 6.24961467037483e-05 60
"249" "dN.dS_ENSG00000127483" 1.00797116882067e-05 0.107953878242876 0.0554743557664003 4.4684765559294e-07 59
"250" "dN.dS_ENSG00000166266" 7.78566015121124e-06 0.0109738016996643 0.0153302008978581 0.260973015411188 42
"251" "dN.dS_ENSG00000186716" 9.8018572304802e-06 0.0255189112429833 0.000724594096020709 0.022075837908344 54
"252" "dN.dS_ENSG00000151923" 4.40818984949773e-05 -0.0294594521460975 5.25130657141521e-06 0.219260794709425 31
"253" "dN.dS_ENSG00000163873" 9.60648435685681e-06 0.00540879932231766 0.000150440233232955 0.562130668592998 64
"254" "dN.dS_ENSG00000198176" 1.17736248554494e-05 0.00824707093614243 0.0027649033232269 0.541253570403063 40
"255" "dN.dS_ENSG00000137692" 1.25039869137331e-06 0.0924058093104503 0.891134163328649 0.00187682255457249 41
"256" "dN.dS_ENSG00000109670" 1.06378606257221e-05 0.0249648568032809 0.0243488188781093 0.135554356271594 67
"257" "dN.dS_ENSG00000110768" 2.36286030058027e-05 0.0122559464836218 0.000582506285569094 0.645339716798866 58
"258" "dN.dS_ENSG00000160551" 1.33439957723508e-05 0.00871428544608146 0.0467034047043225 0.712427698037754 60
"259" "dN.dS_ENSG00000131323" 1.97740972246095e-05 0.00184375275064228 3.11185856203571e-08 0.877922757678498 64
"260" "dN.dS_ENSG00000136875" 1.69368156861329e-05 -0.00338999197989887 0.0014273437222995 0.849484756852056 58
"261" "dN.dS_ENSG00000136875.1" 1.69368156861329e-05 -0.00338999197989887 0.0014273437222995 0.849484756852056 58
"262" "dN.dS_ENSG00000100567" 1.68449515703902e-05 0.00709494418650477 0.0253727704027032 0.760850877927285 44
"263" "dN.dS_ENSG00000164742" -3.15821879910457e-06 0.0767465464726991 0.209364813444625 5.47344222623123e-11 40
"264" "dN.dS_ENSG00000168066" 4.2769744325324e-05 0.0293695955182258 1.37821866061521e-07 0.281113505711894 59
"265" "dN.dS_ENSG00000105613" 4.59970756243504e-06 0.031147068455757 0.00163656855515505 1.24254985035334e-06 55
"266" "dN.dS_ENSG00000152413" 3.96903002272622e-05 -0.0422158406448431 1.4040693843774e-09 0.0583263922982843 66
"267" "dN.dS_ENSG00000118564" 1.13782594241105e-05 0.0932837087476657 0.00135284430608799 1.05804196583037e-09 64
"268" "dN.dS_ENSG00000179134" 2.05322246037977e-05 0.00618889511852948 4.75694374501843e-05 0.723307025482095 62
"269" "dN.dS_ENSG00000062725" 1.04693658367841e-05 0.00971373073074254 0.0266554325607121 0.559385202771285 62
"270" "dN.dS_ENSG00000124214" 3.03673452531416e-05 0.0341166656425025 4.35227965115205e-05 0.205363183780851 64
"271" "dN.dS_ENSG00000189091" 2.50704352090665e-06 0.0116667129438825 0.45930992001932 0.334371889175423 39
"272" "dN.dS_ENSG00000051180" 4.62022581839512e-05 0.156616909888615 1.19272440944738e-07 1.62347507432404e-06 60
"273" "dN.dS_ENSG00000163399" 2.11398026969039e-05 0.002938975006818 2.66545280363612e-06 0.852674377031402 67
"274" "dN.dS_ENSG00000137203" 2.5885650372304e-05 0.031944469580336 0.00117395780945737 0.184036724346821 44
"275" "dN.dS_ENSG00000102225" 1.16610433147178e-05 0.0783836352267169 0.0207470645961905 5.93017639144184e-05 64
"276" "dN.dS_ENSG00000137693" 2.54441250371245e-05 0.0392204140389897 0.0019810783647536 0.155425042861107 53
"277" "dN.dS_ENSG00000136937" -5.24284071659925e-07 0.0383707822362833 0.888773926772385 0.0015844933762238 47
"278" "dN.dS_ENSG00000120948" 1.53695752104879e-05 0.0117440628557761 0.013937023471248 0.5699511345316 48
"279" "dN.dS_ENSG00000198700" 1.08177846413358e-05 0.0127052673516391 0.00567090192877716 0.306001595819854 52
"280" "dN.dS_ENSG00000100605" 6.66562807278532e-06 0.0352136514613031 0.0029286558349307 0.00016717238840158 56
"281" "dN.dS_ENSG00000147140" 1.89828970011463e-05 0.0324697616768084 0.0663542588221978 0.3777817977396 40
"282" "dN.dS_ENSG00000113712" 8.7200632267423e-06 0.0806406282625486 0.521968182870651 0.151352087216217 21
"283" "dN.dS_ENSG00000010671" 7.72611751417522e-06 0.053776982274949 0.187447807106601 0.0136452810059541 56
"284" "dN.dS_ENSG00000082458" 4.58540370336305e-05 -0.0152726099855246 3.5532443014706e-07 0.588833291506417 56
"285" "dN.dS_ENSG00000184226" 5.97273971103136e-06 0.0287691657349091 0.00260500563277719 0.000239325655482793 65
"286" "dN.dS_ENSG00000048828" 1.73507473306523e-05 0.0351246994918558 0.000517247021771335 0.0631537393957555 60
"287" "dN.dS_ENSG00000157404" -4.45963933234404e-06 0.178426549102487 0.100112257946724 1.06187288842411e-24 62
"288" "dN.dS_ENSG00000182247" 7.93518976894298e-06 0.114111726657624 0.599856831877972 0.0229667146658649 24
"289" "dN.dS_ENSG00000115380" 9.05572880544121e-06 0.0798486136895835 0.0199136106324549 3.93795393026991e-07 64
"290" "dN.dS_ENSG00000186908" 5.44389937461277e-07 0.0304337725105524 0.888505734640646 0.0156955015456289 43
"291" "dN.dS_ENSG00000185811" 3.69032617426906e-06 0.072806686250544 0.0390376544218723 5.30538570235998e-16 52
"292" "dN.dS_ENSG00000113161" 1.62619522772784e-05 0.0415759178122025 1.43670721707736e-05 0.0034481418403369 62
"293" "dN.dS_ENSG00000117222" 2.00967325961328e-05 0.00644364237712954 5.67474435070815e-06 0.67212825327902 54
"294" "dN.dS_ENSG00000121390" 6.57407445662689e-06 0.0458939653461414 0.156577986495426 0.0138499406639858 62
