"phenotypeID" "num_of_snps" "num_of_pos_snsps" "proportion_of_pos_snps" "mean_beta" "pos_to_neg_effect_weight" "cis_eQTLs_total" "LOE" "GOE" "meanSlope" "meanMAF" "LOE_meanSlope" "GOE_meanSlope" "LOE_meanMAF" "GOE_meanMAF" "cis_eQTLs_positive_association" "LOE_positive_association" "Trait"
"85" "PGS000333" 4618 2328 0.504114335210048 1.02067827936336e-06 1.17363571971388 141 67 74 0.0358355517730496 0.187942717021277 -0.144473405970149 0.199088256756757 0.156688679104478 0.216240291891892 84 48 "Prostate cancer"
"82" "PGS000330" 4515 2409 0.533554817275747 4.53310394817719e-06 1.6336513936645 139 67 72 0.0348800071942446 0.185986907194245 -0.144473405970149 0.201778322222222 0.156688679104478 0.213250536111111 64 34 "Type 2 diabetes"
"81" "PGS000329" 4500 2111 0.469111111111111 6.03421545311111e-07 1.16678350819113 139 67 72 0.0348800071942446 0.185986907194245 -0.144473405970149 0.201778322222222 0.156688679104478 0.213250536111111 102 60 "Coronary heart disease"
"84" "PGS000332" 4487 2023 0.450858034321373 -2.11743148328505e-06 0.773946637029175 141 67 74 0.0358355517730496 0.187942717021277 -0.144473405970149 0.199088256756757 0.156688679104478 0.216240291891892 81 49 "Breast cancer"
"83" "PGS000331" 4432 2274 0.513086642599278 -3.95912788605596e-08 0.987374562804609 130 63 67 0.0336721407692308 0.190804897692308 -0.144352511111111 0.201068455223881 0.15969650952381 0.220056068656716 54 23 "Atrial fibrillation"
"4" "PGS000039" 2523 1318 0.52239397542608 1.10952085081252e-05 1.42556413626261 83 37 46 0.0571628409638554 0.18282354939759 -0.154336594594595 0.227281952173913 0.161857321621622 0.199687689130435 44 29 "Ischaemic stroke"
"159" "PGS000819" 2422 1331 0.549545829892651 1.30359508009909e-08 1.27327718475576 97 32 65 0.0614813340206186 0.248853711340206 -0.103157084375 0.142534093846154 0.247958625 0.249294369230769 32 16 "Diabetic retinopathy"
"174" "PGS000909" 2270 1109 0.488546255506608 7.30176211453744e-06 1.18066182721863 82 42 40 0.0362557353658537 0.162879763414634 -0.157163880952381 0.2393463325 0.147266330952381 0.1792738675 39 9 "Headache"
"173" "PGS000908" 2183 1203 0.551076500229043 2.38662391204764e-07 1.00710293115201 81 42 39 0.0317361024691358 0.16470697037037 -0.157163880952381 0.235166853846154 0.147266330952381 0.183489197435897 44 28 "Insomnia"
"469" "PGS001355" 1896 1026 0.541139240506329 1.28218879897901e-06 1.50081907887688 66 36 30 -0.0144361424242424 0.151360895454545 -0.134059166666667 0.129111486666667 0.124111719444444 0.184059906666667 38 27 "Coronary artery disease"
"470" "PGS001356" 1896 962 0.507383966244726 4.14293906572953e-07 1.10921738972579 66 36 30 -0.0144361424242424 0.151360895454545 -0.134059166666667 0.129111486666667 0.124111719444444 0.184059906666667 66 30 "Atrial fibrillation"
"471" "PGS001357" 1896 1023 0.539556962025316 3.18833000238199e-06 1.62819525430625 66 36 30 -0.0144361424242424 0.151360895454545 -0.134059166666667 0.129111486666667 0.124111719444444 0.184059906666667 36 29 "Type 2 diabetes"
"142" "PGS000727" 1791 885 0.494137353433836 -0.00099821328866555 0.878701115423237 59 24 35 0.0743653779661017 0.203221127118644 -0.15616205 0.232441328571429 0.192323208333333 0.210693985714286 28 17 "Atrial fibrillation"
"144" "PGS000729" 1686 822 0.487544483985765 0.000541103202846975 1.06655237817333 59 24 35 0.0743653779661017 0.203221127118644 -0.15616205 0.232441328571429 0.192323208333333 0.210693985714286 29 19 "Type 2 diabetes"
"143" "PGS000728" 1666 843 0.506002400960384 0.00194129651860744 1.18404789274211 59 24 35 0.0743653779661017 0.203221127118644 -0.15616205 0.232441328571429 0.192323208333333 0.210693985714286 24 17 "Chronic kidney disease"
"1" "PGS000018" 1449 736 0.507936507936508 2.9306006652864e-05 1.33099823301369 54 22 32 0.0830266 0.209531662962963 -0.154660122727273 0.246436221875 0.199528790909091 0.2164086375 22 10 "Coronary artery disease"
"176" "PGS000921" 1373 729 0.530954115076475 3.18258489439184e-06 1.0506009058882 43 17 26 0.0551006674418605 0.166629944186047 -0.116305341176471 0.167173826923077 0.1425854 0.182351376923077 27 12 "Body mass index"
"172" "PGS000907" 1213 604 0.497938994229184 -4.94641384995878e-06 0.890176267091318 54 30 24 0.0201012944444444 0.197815281481481 -0.130822833333333 0.208756454166667 0.18853631 0.209413995833333 31 14 "Major depressive disorder"
"167" "PGS000883" 1160 584 0.503448275862069 1.83996638189655e-05 1.28413536964919 58 26 32 0.0223974051724138 0.193292293103448 -0.138928142307692 0.1534744125 0.152279653846154 0.2266150625 16 9 "Estimated glomerular filtration rate"
"86" "PGS000335" 861 419 0.48664343786295 -2.15483421439384e-05 0.540209897398904 0 0 0 NA NA NA NA NA NA 0 0 "Breast cancer"
"57" "PGS000203" 860 450 0.523255813953488 1.72905411459884e-06 1.1282545217003 46 24 22 0.00552756956521739 0.177204943478261 -0.134341154166667 0.158111631818182 0.155698766666667 0.200666227272727 26 8 "Alcohol consumption (drinks per week)"
"59" "PGS000205" 860 440 0.511627906976744 3.28867600992209e-06 1.13777794758136 46 24 22 0.00552756956521739 0.177204943478261 -0.134341154166667 0.158111631818182 0.155698766666667 0.200666227272727 26 7 "Risk-taking tendency (4-domain principal component model)"
"149" "PGS000761" 851 489 0.574618096357227 -5.08160889793595e-05 0.494612721867768 42 21 21 0.0159331452380952 0.183050223809524 -0.130970938095238 0.162837228571429 0.165540542857143 0.200559904761905 29 14 "Hypothyroidism"
"55" "PGS000201" 841 466 0.55410225921522 1.27679501033175e-05 1.5153053545952 46 24 22 0.00552756956521739 0.177204943478261 -0.134341154166667 0.158111631818182 0.155698766666667 0.200666227272727 28 13 "Problematic Alcohol Use"
"166" "PGS000882" 835 395 0.473053892215569 -2.67544910179641e-06 0.889831344314035 41 20 21 0.0193177829268293 0.180485570731707 -0.131377635 0.162837228571429 0.15940752 0.200559904761905 33 15 "25-hydroxyvitamin D"
"58" "PGS000204" 827 420 0.507859733978235 -1.00096666039903e-06 0.934159764368173 46 24 22 0.00552756956521739 0.177204943478261 -0.134341154166667 0.158111631818182 0.155698766666667 0.200666227272727 23 4 "Alcohol consumption (drinks per week)"
"60" "PGS000206" 826 438 0.530266343825666 3.03591850309927e-06 1.13179387864575 46 24 22 0.00552756956521739 0.177204943478261 -0.134341154166667 0.158111631818182 0.155698766666667 0.200666227272727 28 10 "Risk-taking tendency (4-domain principal component model)"
"56" "PGS000202" 805 426 0.529192546583851 1.14849784581615e-05 1.53136338823383 46 24 22 0.00552756956521739 0.177204943478261 -0.134341154166667 0.158111631818182 0.155698766666667 0.200666227272727 19 11 "Problematic Alcohol Use"
"467" "PGS001351" 757 350 0.462351387054161 -2.31914876550991e-05 0.573728325668219 46 24 22 0.00552756956521739 0.177204943478261 -0.134341154166667 0.158111631818182 0.155698766666667 0.200666227272727 16 6 "Fasting insulin"
"466" "PGS001350" 755 442 0.585430463576159 1.01891855044238e-05 1.39417346103983 46 24 22 0.00552756956521739 0.177204943478261 -0.134341154166667 0.158111631818182 0.155698766666667 0.200666227272727 23 12 "Fasting glucose"
"468" "PGS001352" 752 362 0.481382978723404 4.79335567511968e-06 1.1274783609928 46 24 22 0.00552756956521739 0.177204943478261 -0.134341154166667 0.158111631818182 0.155698766666667 0.200666227272727 24 9 "Glycated haemoglobin levels (HbA1c)"
"16" "PGS000135" 705 353 0.500709219858156 -5.43048926468085e-06 0.992709938130184 43 24 19 -0.00146377674418605 0.167869055813953 -0.134341154166667 0.166381331578947 0.155698766666667 0.183242052631579 16 0 "Schizophrenia"
"160" "PGS000820" 652 307 0.470858895705521 5.60424032208589e-06 1.25800889977043 47 24 23 0.00719064255319149 0.184493114893617 -0.134341154166667 0.154875995652174 0.155698766666667 0.214539391304348 29 20 "Hypothyroidism (self-reported)"
"17" "PGS000136" 643 319 0.496111975116641 1.7463617503888e-05 1.02147807765654 35 16 19 0.02392372 0.190702194285714 -0.12468591875 0.149068678947368 0.1731987375 0.205441947368421 16 3 "Schizophrenia"
"15" "PGS000134" 640 309 0.4828125 -6.03345357334375e-05 0.925334200094165 44 24 20 0.000767454545454547 0.173219895454545 -0.134341154166667 0.162897785 0.155698766666667 0.19424525 17 1 "Schizophrenia"
"161" "PGS000821" 631 294 0.465927099841521 -4.39803486529317e-08 0.998391490784779 46 23 23 0.0100173304347826 0.182238595652174 -0.134841334782609 0.154875995652174 0.1499378 0.214539391304348 17 14 "Thyroid medication use"
"175" "PGS000910" 598 296 0.494983277591973 -4.34598662207358e-05 0.666371408765309 21 9 12 0.0615809380952381 0.15209139047619 -0.1282843 0.203979866666667 0.135512044444444 0.1645259 10 6 "Body mass index"
"14" "PGS000133" 483 233 0.4824016563147 -9.3395424968944e-06 0.989464260846418 22 11 11 0.0278664181818182 0.166129672727273 -0.148832 0.204564836363636 0.1259588 0.206300545454545 11 1 "Schizophrenia"
"11" "PGS000117" 275 146 0.530909090909091 0.000146882861818182 1.30735437933754 22 6 16 0.124221059090909 0.164932595454545 -0.1320505 0.22032289375 0.137545883333333 0.1752026125 21 15 "Cardiovascular Disease"
"3" "PGS000036" 206 107 0.519417475728155 0.00520091474867877 1.20452996114378 9 7 2 -0.053313 0.0466790666666667 -0.203712714285714 0.473086 0.0551033428571429 0.0171941 2 2 "Type 2 diabetes"
"146" "PGS000754" 201 127 0.631840796019901 0.000490720512437811 1.35267090723489 31 4 27 0.15454324516129 0.210316870967742 -0.1026735 0.19264942962963 0.19021775 0.213294518518519 19 16 "Systemic lupus erythrmatosus"
"132" "PGS000706" 191 89 0.465968586387435 0.00060154648388394 2.32678497834482 12 2 10 0.123557341666667 0.226354583333333 -0.102411 0.16875101 0.184783 0.2346689 9 7 "Hypertension"
"138" "PGS000712" 190 92 0.484210526315789 0.000267521033263181 1.34271292652026 12 2 10 0.123557341666667 0.226354583333333 -0.102411 0.16875101 0.184783 0.2346689 10 8 "T2D (cases vs HbA1c filtered controls)"
"139" "PGS000713" 190 90 0.473684210526316 0.000308075668675398 1.42415643051148 12 2 10 0.123557341666667 0.226354583333333 -0.102411 0.16875101 0.184783 0.2346689 8 6 "T2D"
"129" "PGS000703" 189 85 0.44973544973545 4.79142549446586e-05 1.0994434753767 12 2 10 0.123557341666667 0.226354583333333 -0.102411 0.16875101 0.184783 0.2346689 4 3 "Angina"
"130" "PGS000704" 189 93 0.492063492063492 9.61726426762326e-05 1.10233126863214 12 2 10 0.123557341666667 0.226354583333333 -0.102411 0.16875101 0.184783 0.2346689 10 8 "Alcoholic cirrhosis"
"131" "PGS000705" 189 93 0.492063492063492 7.15952359010566e-05 1.17949088869623 12 2 10 0.123557341666667 0.226354583333333 -0.102411 0.16875101 0.184783 0.2346689 4 3 "Gallstones"
"133" "PGS000707" 189 89 0.470899470899471 2.69006529013543e-05 1.07630619832826 12 2 10 0.123557341666667 0.226354583333333 -0.102411 0.16875101 0.184783 0.2346689 4 3 "Cholecystitis"
"134" "PGS000708" 189 85 0.44973544973545 0.000465623463231481 1.89072679108845 12 2 10 0.123557341666667 0.226354583333333 -0.102411 0.16875101 0.184783 0.2346689 10 8 "Kidney failure"
"135" "PGS000709" 189 81 0.428571428571429 0.000292498811606737 1.66519047217647 12 2 10 0.123557341666667 0.226354583333333 -0.102411 0.16875101 0.184783 0.2346689 11 9 "Heart failure"
"136" "PGS000710" 189 84 0.444444444444444 0.000149538580027668 1.48070813295848 12 2 10 0.123557341666667 0.226354583333333 -0.102411 0.16875101 0.184783 0.2346689 7 6 "Myocardial infarction"
"137" "PGS000711" 189 83 0.439153439153439 0.000157052495048242 1.25859908764579 12 2 10 0.123557341666667 0.226354583333333 -0.102411 0.16875101 0.184783 0.2346689 10 8 "Gout"
"168" "PGS000884" 68 33 0.485294117647059 -0.000176665 0.766013504472307 3 1 2 0.009068 0.2338432 -0.285533 0.1563685 0.0377176 0.331906 2 2 "Estimated glomerular filtration rate"
"398" "PGS001229" 64 32 0.5 0.00113433270265625 1.1340928292419 4 1 3 0.13708825 0.17533525 -0.102411 0.216921333333333 0.184783 0.172186 0 0 "Standing height"
"10" "PGS000116" 49 31 0.63265306122449 0.000189059285714286 1.72289656324083 0 0 0 NA NA NA NA NA NA 0 0 "Coronary Artery Disease"
"331" "PGS001157" 49 28 0.571428571428571 0.0186793512857143 1.76010673451082 3 3 0 -0.161033 0.0841594666666667 -0.161033 NA 0.0841594666666667 NA 3 0 "Impedance (right leg)"
"147" "PGS000758" 46 22 0.478260869565217 -8.68386304347825e-05 0.964797482972934 7 4 3 0.00932199999999999 0.136259914285714 -0.1463775 0.216921333333333 0.10931535 0.172186 3 0 "Adult standing height"
"335" "PGS001161" 46 26 0.565217391304348 0.0312278739804348 1.68478183066342 6 3 3 -0.0360994833333333 0.185233566666667 -0.161033 0.0888340333333333 0.0841594666666667 0.286307666666667 4 1 "Whole body impedance"
"204" "PGS000969" 45 18 0.4 -0.000944599516222222 0.784842952071529 4 1 3 0.13708825 0.17533525 -0.102411 0.216921333333333 0.184783 0.172186 0 0 "Sitting height"
"329" "PGS001155" 42 24 0.571428571428571 0.0245634522619048 1.90792689678659 4 3 1 -0.0897515 0.1781066 -0.161033 0.124093 0.0841594666666667 0.459948 3 0 "Impedance (left leg)"
"409" "PGS001240" 42 18 0.428571428571429 -0.000462348256666667 0.60485664572293 2 0 2 0.1022459 0.3238715 NA 0.1022459 NA 0.3238715 2 2 "Red blood cell count"
"328" "PGS001154" 38 17 0.447368421052632 0.00931124723947368 1.36082447999862 3 0 3 0.0888340333333333 0.286307666666667 NA 0.0888340333333333 NA 0.286307666666667 1 1 "Impedance (left arm)"
"394" "PGS001225" 38 14 0.368421052631579 -0.00794959820052632 0.378456786692618 0 0 0 NA NA NA NA NA NA 0 0 "Percentage of hematocrit"
"407" "PGS001238" 38 17 0.447368421052632 -0.0238085643947368 0.744456881511864 1 0 1 0.0620103 0.21118 NA 0.0620103 NA 0.21118 1 1 "Platelet count"
"107" "PGS000680" 37 20 0.540540540540541 0.000163655712783784 1.82416830450854 4 1 3 0.135935 0.17401075 -0.102411 0.215383666666667 0.184783 0.17042 4 3 "Cystatin C [mg/L]"
"361" "PGS001190" 37 20 0.540540540540541 8.38406789189189e-05 1.39218773287926 4 1 3 0.135935 0.17401075 -0.102411 0.215383666666667 0.184783 0.17042 4 3 NA
"371" "PGS001200" 37 13 0.351351351351351 -0.000487158829864865 0.622698721797449 1 0 1 0.124093 0.459948 NA 0.124093 NA 0.459948 1 1 "Mean platelet volume"
"113" "PGS000686" 36 19 0.527777777777778 -0.000134293689333333 0.684282244562945 0 0 0 NA NA NA NA NA NA 0 0 "HDL cholesterol [mmol/L]"
"293" "PGS001103" 35 13 0.371428571428571 -0.00239678685714286 0.575008701988734 5 1 4 0.1344892 0.2322578 -0.102411 0.19371425 0.184783 0.2441265 4 3 "Body fat percentage (left leg)"
"294" "PGS001104" 35 11 0.314285714285714 -0.00234464530314286 0.633887067824405 0 0 0 NA NA NA NA NA NA 0 0 "Body fat percentage (right leg)"
"336" "PGS001162" 33 13 0.393939393939394 -0.00710562612727273 0.489098218426015 0 0 0 NA NA NA NA NA NA 0 0 "Hip circumference"
"333" "PGS001159" 32 10 0.3125 -0.00047882349625 0.678286357413872 0 0 0 NA NA NA NA NA NA 0 0 "Right leg mass (predicted)"
"340" "PGS001167" 32 9 0.28125 -0.0005358439140625 0.664488950099967 0 0 0 NA NA NA NA NA NA 0 0 "Leg fat-free mass (R)"
"359" "PGS001188" 32 22 0.6875 0.005873274003125 3.02554025825641 0 0 0 NA NA NA NA NA NA 0 0 NA
"397" "PGS001228" 32 14 0.4375 -0.003711184 0.410953053542036 0 0 0 NA NA NA NA NA NA 0 0 "Body mass index"
"97" "PGS000670" 31 20 0.645161290322581 0.000103248168064516 1.48465375171232 1 0 1 0.0620103 0.21118 NA 0.0620103 NA 0.21118 0 0 "Alkaline phosphatase [U/L]"
"399" "PGS001230" 31 10 0.32258064516129 -0.0107452023354839 0.447837388750044 0 0 0 NA NA NA NA NA NA 0 0 "Body weight"
"323" "PGS001148" 30 11 0.366666666666667 -0.00353040953 0.443357104304803 0 0 0 NA NA NA NA NA NA 0 0 "Trunk fat mass"
"338" "PGS001165" 30 13 0.433333333333333 -0.000163126445666667 0.684237573661092 0 0 0 NA NA NA NA NA NA 0 0 "Arm fat free mass (L)"
"367" "PGS001196" 30 14 0.466666666666667 -0.000312765533 0.446088336865295 0 0 0 NA NA NA NA NA NA 0 0 NA
"380" "PGS001211" 30 19 0.633333333333333 8.38630416666667e-05 1.4005342163391 1 0 1 0.0620103 0.21118 NA 0.0620103 NA 0.21118 0 0 NA
"403" "PGS001234" 30 12 0.4 -0.000227776500666667 0.572251542940163 0 0 0 NA NA NA NA NA NA 0 0 "Left arm mass (predicted)"
"228" "PGS001002" 29 12 0.413793103448276 -0.00273964977241379 0.578341151493781 0 0 0 NA NA NA NA NA NA 0 0 "Whole body water mass"
"319" "PGS001144" 29 11 0.379310344827586 -0.000170735976206897 0.708659635330785 0 0 0 NA NA NA NA NA NA 0 0 "Arm fat mass (L)"
"324" "PGS001149" 29 12 0.413793103448276 -0.0039255393237931 0.588857482477897 0 0 0 NA NA NA NA NA NA 0 0 "Whole body fat mass"
"339" "PGS001166" 29 12 0.413793103448276 -0.000582602574827586 0.656610393279128 0 0 0 NA NA NA NA NA NA 0 0 "Leg fat free mass (L)"
"341" "PGS001168" 29 12 0.413793103448276 -0.00159988021206897 0.623260404181429 0 0 0 NA NA NA NA NA NA 0 0 "Trunk fat free mass"
"342" "PGS001169" 29 10 0.344827586206897 -0.00310796788275862 0.628714670213994 0 0 0 NA NA NA NA NA NA 0 0 "Whole body fat free mass"
"404" "PGS001235" 29 9 0.310344827586207 -0.000183581003103448 0.616134540766322 0 0 0 NA NA NA NA NA NA 0 0 "Right arm mass (predicted)"
"105" "PGS000678" 28 18 0.642857142857143 0.000305934625714286 3.21025506576643 1 0 1 0.124093 0.459948 NA 0.124093 NA 0.459948 1 1 "Creatinine [umol/L]"
"114" "PGS000687" 28 16 0.571428571428571 0.000221693105571429 2.3420923943765 0 0 0 NA NA NA NA NA NA 0 0 "IGF-1 [nmol/L]"
"321" "PGS001146" 28 9 0.321428571428571 -0.000223234165714286 0.600255529724414 0 0 0 NA NA NA NA NA NA 0 0 "Arm fat-free mass (R)"
"330" "PGS001156" 28 14 0.5 0.0108063665928571 1.32374379773627 3 0 3 0.0888340333333333 0.286307666666667 NA 0.0888340333333333 NA 0.286307666666667 1 1 "Impedance (right arm)"
"332" "PGS001158" 28 12 0.428571428571429 -0.000589401264285714 0.644760697554072 0 0 0 NA NA NA NA NA NA 0 0 "Left leg mass (predicted)"
"362" "PGS001191" 28 13 0.464285714285714 0.000127738473928571 1.66682504056231 0 0 0 NA NA NA NA NA NA 0 0 NA
"224" "PGS000998" 27 11 0.407407407407407 -0.000170665711481481 0.752651522482067 4 1 3 0.13708825 0.17533525 -0.102411 0.216921333333333 0.184783 0.172186 0 0 "Comparative body height at age 10"
"274" "PGS001079" 27 11 0.407407407407407 0.000151189144074074 1.36118841130164 1 0 1 0.0620103 0.21118 NA 0.0620103 NA 0.21118 0 0 "Platelet distribution width"
"291" "PGS001101" 27 8 0.296296296296296 -0.00546123667037037 0.389181877919282 0 0 0 NA NA NA NA NA NA 0 0 "Body fat percentage"
"334" "PGS001160" 27 11 0.407407407407407 -0.00142529866666667 0.648098471940727 0 0 0 NA NA NA NA NA NA 0 0 "Trunk mass (predicted)"
"366" "PGS001195" 27 15 0.555555555555556 -0.000465541298888889 0.447126091449183 0 0 0 NA NA NA NA NA NA 0 0 NA
"391" "PGS001222" 27 19 0.703703703703704 0.000275788543592593 2.81411334613771 0 0 0 NA NA NA NA NA NA 0 0 NA
"98" "PGS000671" 26 8 0.307692307692308 -0.000214735257692308 0.320504262731604 0 0 0 NA NA NA NA NA NA 0 0 "Apolipoprotein A [g/L]"
"126" "PGS000700" 26 12 0.461538461538462 0.000159909928673077 1.46623270021501 0 0 0 NA NA NA NA NA NA 0 0 "Urate [umol/L]"
"292" "PGS001102" 26 10 0.384615384615385 -0.00742918791153846 0.369642279446035 0 0 0 NA NA NA NA NA NA 0 0 "Body fat percentage (left arm)"
"298" "PGS001108" 26 10 0.384615384615385 -0.514850264230769 0.591754527066481 0 0 0 NA NA NA NA NA NA 0 0 "Basal metabolic rate"
"320" "PGS001145" 26 11 0.423076923076923 -0.00016023638 0.714339611915551 0 0 0 NA NA NA NA NA NA 0 0 "Arm fat mass (R)"
"99" "PGS000672" 25 12 0.48 0.00021171532412 2.23066707767282 0 0 0 NA NA NA NA NA NA 0 0 "Apolipoprotein B [g/L] (statin adjusted)"
"322" "PGS001147" 25 10 0.4 -0.0009481121956 0.514076298327471 0 0 0 NA NA NA NA NA NA 0 0 "Leg fat mass (R)"
"396" "PGS001227" 25 13 0.52 0.004473498588 1.51530488854396 0 0 0 NA NA NA NA NA NA 0 0 "Waist circumference"
"410" "PGS001241" 25 10 0.4 -0.006131598512 0.285748642981501 0 0 0 NA NA NA NA NA NA 0 0 "Ankle spacing width"
"192" "PGS000954" 24 11 0.458333333333333 -0.028533173625 0.532857771105368 2 0 2 0.1022459 0.3238715 NA 0.1022459 NA 0.3238715 2 2 "Left heel quantitative ultrasound index (QUI), direct entry"
"194" "PGS000956" 24 15 0.625 -0.0221687459166667 0.663363335453353 0 0 0 NA NA NA NA NA NA 0 0 "Right heel quantitative ultrasound index (QUI), direct entry"
"249" "PGS001038" 24 11 0.458333333333333 -0.00160991584583333 0.533098846636469 2 0 2 0.1022459 0.3238715 NA 0.1022459 NA 0.3238715 2 2 "Left heel bone mineral density (BMD) T-score, automated"
"250" "PGS001039" 24 15 0.625 -0.00125096935416667 0.663484362839062 0 0 0 NA NA NA NA NA NA 0 0 "Right heel bone mineral density (BMD) T-score, automated"
"295" "PGS001105" 24 10 0.416666666666667 -0.006428094625 0.39648582521408 0 0 0 NA NA NA NA NA NA 0 0 "Body fat percentage (trunk fat)"
"326" "PGS001151" 24 8 0.333333333333333 -0.0003145294585 0.194010149340394 0 0 0 NA NA NA NA NA NA 0 0 NA
"360" "PGS001189" 24 15 0.625 0.000296011541666667 2.96729812840509 0 0 0 NA NA NA NA NA NA 0 0 NA
"389" "PGS001220" 24 4 0.166666666666667 -0.0113354444166667 0.0177706137456542 2 0 2 0.1022459 0.3238715 NA 0.1022459 NA 0.3238715 0 0 "Mean corpuscular volume"
"406" "PGS001237" 24 14 0.583333333333333 -0.000228450472083333 0.798095247433367 0 0 0 NA NA NA NA NA NA 0 0 "Lung function (FVC)"
"103" "PGS000676" 23 14 0.608695652173913 -4.75417554347826e-06 0.862374430681794 1 0 1 0.124093 0.459948 NA 0.124093 NA 0.459948 1 1 "Calcium [mmol/L]"
"190" "PGS000952" 23 12 0.521739130434783 -0.072292814 0.16446031728428 0 0 0 NA NA NA NA NA NA 0 0 "Heel quantitative ultrasound index (QUI), direct entry"
"248" "PGS001037" 23 12 0.521739130434783 -0.00408200238695652 0.164379227565234 0 0 0 NA NA NA NA NA NA 0 0 "Heel bone mineral density (BMD) T-score, automated"
"296" "PGS001106" 23 9 0.391304347826087 -0.00851792173043478 0.314774816480824 0 0 0 NA NA NA NA NA NA 0 0 "Percentage of right arm fat"
"384" "PGS001215" 23 11 0.478260869565217 0.000141444794347826 1.40542576582912 0 0 0 NA NA NA NA NA NA 0 0 NA
"102" "PGS000675" 22 6 0.272727272727273 -0.00139565144545455 0.242277116855311 1 0 1 0.124093 0.459948 NA 0.124093 NA 0.459948 0 0 "C-reactive protein [mg/L]"
"120" "PGS000694" 22 8 0.363636363636364 -0.000721004844545455 0.278291278515322 1 0 1 0.124093 0.459948 NA 0.124093 NA 0.459948 1 1 "SHBG [nmol/L]"
"272" "PGS001077" 22 14 0.636363636363636 0.00641680657272727 2.87240821765788 1 0 1 0.124093 0.459948 NA 0.124093 NA 0.459948 1 1 "Neutrophill %"
"405" "PGS001236" 22 10 0.454545454545455 -0.000163712331818182 0.780377253382886 0 0 0 NA NA NA NA NA NA 0 0 "Lung function (FEV1)"
"408" "PGS001239" 22 8 0.363636363636364 -0.000759400440909091 0.686304489661771 0 0 0 NA NA NA NA NA NA 0 0 "White blood cell count"
"20" "PGS000139" 21 13 0.619047619047619 0.00686545446218668 1.40654633547758 1 0 1 0.0630651 0.140787 NA 0.0630651 NA 0.140787 0 0 "Lifetime Major Depressive Disorder (with recurrence)"
"23" "PGS000142" 21 7 0.333333333333333 -0.0109484352065971 0.458644327932427 0 0 0 NA NA NA NA NA NA 0 0 "Probable Depression (low mood or anhedonia, and seen a GP or psychiatrist for nerves, anxiety, tension or depression)"
"189" "PGS000951" 21 10 0.476190476190476 -0.0577970473333333 0.162073660872129 0 0 0 NA NA NA NA NA NA 0 0 "Heel Broadband ultrasound attenuation, direct entry"
"364" "PGS001193" 21 14 0.666666666666667 0.000432055118095238 7.26185593136468 0 0 0 NA NA NA NA NA NA 0 0 NA
"109" "PGS000682" 20 8 0.4 -0.00034100990015 0.253046499622441 0 0 0 NA NA NA NA NA NA 0 0 "eGFR [ml/min/1.73m2]"
"125" "PGS000699" 20 13 0.65 0.0012169427943 2.68695446076862 0 0 0 NA NA NA NA NA NA 0 0 "Triglycerides [mmol/L]"
"193" "PGS000955" 20 11 0.55 -0.02508240397 0.560607274516239 0 0 0 NA NA NA NA NA NA 0 0 "Right heel broadband ultrasound attenuation"
"355" "PGS001184" 20 6 0.3 -0.0007563523405 0.263189014524036 0 0 0 NA NA NA NA NA NA 0 0 NA
"385" "PGS001216" 20 12 0.6 0.0027094041904 5.02990722947476 0 0 0 NA NA NA NA NA NA 0 0 NA
"312" "PGS001133" 19 8 0.421052631578947 -0.000156571978947369 0.98323824058859 5 1 4 0.1335666 0.2311982 -0.102411 0.192561 0.184783 0.242802 5 4 "Diastolic BP (AR)"
"327" "PGS001152" 19 12 0.631578947368421 8.39992647368421e-05 1.09391368280199 0 0 0 NA NA NA NA NA NA 0 0 "Red blood cell distribution width"
"379" "PGS001210" 19 12 0.631578947368421 0.0241403320473684 2.77650365704279 1 0 1 0.0620103 0.21118 NA 0.0620103 NA 0.21118 0 0 NA
"455" "PGS001335" 19 11 0.578947368421053 0.000799248457894737 1.32097666825117 1 0 1 0.124093 0.459948 NA 0.124093 NA 0.459948 1 1 "Vascular/heart problems diagnosed by doctor High BP"
"24" "PGS000143" 18 12 0.666666666666667 0.0164025623033813 2.33274234835191 3 0 3 0.217680666666667 0.173069333333333 NA 0.217680666666667 NA 0.173069333333333 3 3 "Seen a General Practitioner for nerves, anxiety, tension or depression (without report of low mood or anhedonia)"
"101" "PGS000674" 18 6 0.333333333333333 -0.000188691124888889 0.587749220045854 0 0 0 NA NA NA NA NA NA 0 0 "AST to ALT ratio"
"216" "PGS000987" 18 4 0.222222222222222 -0.021584813065 0.0916142339307718 2 0 2 0.1022459 0.3238715 NA 0.1022459 NA 0.3238715 0 0 "Mean reticulocyte volume"
"383" "PGS001214" 18 9 0.5 0.0467875365 1.32600147444177 0 0 0 NA NA NA NA NA NA 0 0 NA
"447" "PGS001318" 18 10 0.555555555555556 0.00065008235 1.30057823155288 0 0 0 NA NA NA NA NA NA 0 0 "Disorders of lipoprotein metabolism and other lipidaemias (time-to-event)"
"448" "PGS001320" 18 11 0.611111111111111 0.00245668892222222 2.64434589961057 5 1 4 0.1344892 0.2322578 -0.102411 0.19371425 0.184783 0.2441265 5 4 "Hypertension"
"19" "PGS000138" 17 7 0.411764705882353 -0.00460171916018683 0.772174679197746 1 0 1 0.0620103 0.21118 NA 0.0620103 NA 0.21118 0 0 "Lifetime Major Depressive Disorder"
"21" "PGS000140" 17 9 0.529411764705882 0.00095077206801208 1.14253373753023 0 0 0 NA NA NA NA NA NA 0 0 "Broad Depression (seen a General Practitioner for nerves, anxiety, tension or depression)"
"191" "PGS000953" 17 6 0.352941176470588 -0.0316544126470588 0.40428121978246 0 0 0 NA NA NA NA NA NA 0 0 "Left heel broadband ultrasound attenuation"
"225" "PGS000999" 17 10 0.588235294117647 0.000499043763529412 2.09902147579456 0 0 0 NA NA NA NA NA NA 0 0 "Comparative body size at age 10"
"381" "PGS001212" 17 13 0.764705882352941 0.00103665054705882 13.7936967121058 0 0 0 NA NA NA NA NA NA 0 0 NA
"386" "PGS001217" 17 11 0.647058823529412 0.00157605213529412 3.5932453709701 0 0 0 NA NA NA NA NA NA 0 0 NA
"388" "PGS001219" 17 3 0.176470588235294 -0.00322270360588235 0.125203469655687 2 0 2 0.1022459 0.3238715 NA 0.1022459 NA 0.3238715 0 0 "Mean corpuscular hemoglobin"
"411" "PGS001242" 17 2 0.117647058823529 -0.0115175418176471 0.0422222196242086 0 0 0 NA NA NA NA NA NA 0 0 "Ankle spacing width (L)"
"117" "PGS000691" 16 4 0.25 -0.000155304665 0.180364828025467 4 1 3 0.135935 0.17401075 -0.102411 0.215383666666667 0.184783 0.17042 4 3 "Non-albumin protein [g/L]"
"208" "PGS000975" 16 5 0.3125 -0.000128143168375 0.707389024289081 0 0 0 NA NA NA NA NA NA 0 0 NA
"304" "PGS001120" 16 9 0.5625 0.00336753776875 2.15012092858689 4 1 3 0.13708825 0.17533525 -0.102411 0.216921333333333 0.184783 0.172186 0 0 "Right hand grip strength"
"372" "PGS001201" 16 10 0.625 0.00016363065525 5.12814677610858 0 0 0 NA NA NA NA NA NA 0 0 NA
"377" "PGS001208" 16 7 0.4375 -0.002188147645 0.387178338161646 0 0 0 NA NA NA NA NA NA 0 0 NA
"26" "PGS000145" 15 6 0.4 -0.00968933524135243 0.5818693502668 0 0 0 NA NA NA NA NA NA 0 0 "Depression (ICD-10 defined)"
"100" "PGS000673" 15 7 0.466666666666667 -9.92025401333333e-05 0.710467993020208 0 0 0 NA NA NA NA NA NA 0 0 "Aspartate aminotransferase [U/L]"
"110" "PGS000683" 15 10 0.666666666666667 0.000967635163333333 8.81059897002209 0 0 0 NA NA NA NA NA NA 0 0 "Gamma glutamyltransferase [U/L]"
"118" "PGS000692" 15 7 0.466666666666667 0.0001835667406 2.16073706661912 0 0 0 NA NA NA NA NA NA 0 0 "Phosphate [mmol/L]"
"235" "PGS001010" 15 8 0.533333333333333 -7.65933113333333e-06 0.897666065664021 0 0 0 NA NA NA NA NA NA 0 0 "PEF pred. ratio"
"303" "PGS001119" 15 10 0.666666666666667 0.00863226771333333 5.30062132917209 0 0 0 NA NA NA NA NA NA 0 0 "Left hand grip strength"
"352" "PGS001180" 15 8 0.533333333333333 -7.6579414e-06 0.897678823726567 0 0 0 NA NA NA NA NA NA 0 0 "Lung function (FEV1/FVC)"
"451" "PGS001324" 15 8 0.533333333333333 -9.37612999999999e-05 0.970386718324114 0 0 0 NA NA NA NA NA NA 0 0 "Family history of high blood pressure"
"22" "PGS000141" 14 5 0.357142857142857 -0.00530800675490288 0.580640148256974 0 0 0 NA NA NA NA NA NA 0 0 "Seen a psychiatrist for nerves, anxiety, tension or depression"
"79" "PGS000322" 14 8 0.571428571428571 0.000188822714285714 1.91825741044489 0 0 0 NA NA NA NA NA NA 0 0 "Serum testosterone levels in females"
"104" "PGS000677" 14 9 0.642857142857143 0.000126022275 2.80175702758389 0 0 0 NA NA NA NA NA NA 0 0 "Cholesterol [mmol/L] (statin adjusted)"
"112" "PGS000685" 14 8 0.571428571428571 0.000287736190714286 3.63992510130122 0 0 0 NA NA NA NA NA NA 0 0 "HbA1c [mmol/mol]"
"115" "PGS000688" 14 9 0.642857142857143 0.0002859193255 3.45151862535546 0 0 0 NA NA NA NA NA NA 0 0 "LDL cholesterol [mmol/L] (statin adjusted)"
"127" "PGS000701" 14 4 0.285714285714286 -0.000304596304285714 0.201954574772119 0 0 0 NA NA NA NA NA NA 0 0 "Urea [mmol/L]"
"306" "PGS001122" 14 8 0.571428571428571 0.000348991171428571 1.60313634388855 4 1 3 0.13708825 0.17533525 -0.102411 0.216921333333333 0.184783 0.172186 4 3 NA
"349" "PGS001176" 14 6 0.428571428571429 -1.47150011428571e-05 0.944429836675934 0 0 0 NA NA NA NA NA NA 0 0 NA
"351" "PGS001178" 14 10 0.714285714285714 0.000543071091428571 4.72877036053088 0 0 0 NA NA NA NA NA NA 0 0 NA
"369" "PGS001198" 14 10 0.714285714285714 0.00039013764 9.24213140565682 0 0 0 NA NA NA NA NA NA 0 0 NA
"376" "PGS001207" 14 7 0.5 0.0123398150714286 6.34949088965819 0 0 0 NA NA NA NA NA NA 0 0 NA
"390" "PGS001221" 14 10 0.714285714285714 0.0453032283357143 7.97157842864192 0 0 0 NA NA NA NA NA NA 0 0 NA
"412" "PGS001243" 14 4 0.285714285714286 -0.00770532195 0.218453261943677 0 0 0 NA NA NA NA NA NA 0 0 "Ankle spacing width (R)"
"95" "PGS000668" 13 9 0.692307692307692 0.000561316823076923 3.31822541254099 0 0 0 NA NA NA NA NA NA 0 0 "Alanine aminotransferase [U/L]"
"96" "PGS000669" 13 7 0.538461538461538 -1.27784324615385e-05 0.837348530547843 0 0 0 NA NA NA NA NA NA 0 0 "Albumin [g/L]"
"124" "PGS000698" 13 6 0.461538461538462 -3.15874846153846e-05 0.508677985477477 0 0 0 NA NA NA NA NA NA 0 0 "Total protein [g/L]"
"196" "PGS000958" 13 7 0.538461538461538 0.00176578993076923 1.76828421961808 1 0 1 0.124093 0.459948 NA 0.124093 NA 0.459948 1 1 "Essential hypertension"
"205" "PGS000970" 13 7 0.538461538461538 -0.000921288863076923 0.369668865872751 0 0 0 NA NA NA NA NA NA 0 0 NA
"206" "PGS000971" 13 6 0.461538461538462 -0.000246382146923077 0.366495580784751 0 0 0 NA NA NA NA NA NA 0 0 NA
"273" "PGS001078" 13 5 0.384615384615385 -0.00703766075384615 0.0800248835027894 0 0 0 NA NA NA NA NA NA 0 0 "Monocyte %"
"282" "PGS001090" 13 5 0.384615384615385 -0.00201629386923077 0.462552290891691 0 0 0 NA NA NA NA NA NA 0 0 "Often felt loved as a child"
"337" "PGS001163" 13 5 0.384615384615385 -0.000511862173076923 0.188522020276205 1 0 1 0.124093 0.459948 NA 0.124093 NA 0.459948 0 0 "Monocyte count"
"354" "PGS001183" 13 5 0.384615384615385 -0.0326575193076923 0.368995071580906 0 0 0 NA NA NA NA NA NA 0 0 NA
"25" "PGS000144" 12 5 0.416666666666667 -0.00469087860575225 0.702808615128595 0 0 0 NA NA NA NA NA NA 0 0 "Self-reported depression or depression symptoms"
"116" "PGS000689" 12 6 0.5 5.777683e-05 1.05027739417974 4 1 3 0.13708825 0.17533525 -0.102411 0.216921333333333 0.184783 0.172186 4 3 "Lipoprotein A [nmol/L]"
"122" "PGS000696" 12 5 0.416666666666667 1.90322458333334e-05 1.04337466396341 2 0 2 0.1022459 0.3238715 NA 0.1022459 NA 0.3238715 0 0 "Testosterone [nmol/L]"
"181" "PGS000936" 12 8 0.666666666666667 0.00256708216666667 2.29188970523849 0 0 0 NA NA NA NA NA NA 0 0 "High cholesterol"
"195" "PGS000957" 12 7 0.583333333333333 0.002422374975 1.88886915186984 1 0 1 0.124093 0.459948 NA 0.124093 NA 0.459948 1 1 "Essential (primary hypertension) (time-to-event)"
"237" "PGS001016" 12 5 0.416666666666667 9.05526208333333e-05 1.21190581552497 0 0 0 NA NA NA NA NA NA 0 0 "Sensitivity / hurt feelings"
"271" "PGS001076" 12 7 0.583333333333333 -0.000493622069 0.727589671870759 0 0 0 NA NA NA NA NA NA 0 0 "Eosinophill %"
"346" "PGS001173" 12 4 0.333333333333333 -0.00151055141666667 0.465694331048285 0 0 0 NA NA NA NA NA NA 0 0 "Neutrophill count"
"443" "PGS001298" 12 7 0.583333333333333 0.000807156716666667 1.33821297875308 0 0 0 NA NA NA NA NA NA 0 0 "Obesity (time-to-event)"
"18" "PGS000137" 11 6 0.545454545454545 0.00678401418181818 1.1803469985582 0 0 0 NA NA NA NA NA NA 0 0 "Glaucoma"
"128" "PGS000702" 11 6 0.545454545454545 4.86790363636364e-05 1.14933251661953 0 0 0 NA NA NA NA NA NA 0 0 "Vitamin D [nmol/L]"
"223" "PGS000997" 11 6 0.545454545454545 0.00234703447272727 2.14906066060141 0 0 0 NA NA NA NA NA NA 0 0 "Diverticular disease of intestine (time-to-event)"
"242" "PGS001022" 11 7 0.636363636363636 -8.53044454545454e-05 0.910757561578163 0 0 0 NA NA NA NA NA NA 0 0 "Worry too long after an embarrassing experience"
"313" "PGS001134" 11 5 0.454545454545455 -0.0157600361818182 0.466105826537947 0 0 0 NA NA NA NA NA NA 0 0 "Systolic BP (AR)"
"345" "PGS001172" 11 5 0.454545454545455 -7.61625604545455e-05 0.599659676769077 5 1 4 0.1344892 0.2322578 -0.102411 0.19371425 0.184783 0.2441265 0 0 "Eosinophill count"
"378" "PGS001209" 11 5 0.454545454545455 -0.00174771627272727 0.562292030486432 0 0 0 NA NA NA NA NA NA 0 0 NA
"382" "PGS001213" 11 9 0.818181818181818 -0.00376664880909091 0.848705708690529 0 0 0 NA NA NA NA NA NA 0 0 NA
"402" "PGS001233" 11 4 0.363636363636364 -0.00470933733272727 0.647014629612481 0 0 0 NA NA NA NA NA NA 0 0 "Heart rate (AR)"
"2" "PGS000020" 10 5 0.5 0.0040381 3.08579545454545 0 0 0 NA NA NA NA NA NA 0 0 "Type 2 diabetes"
"77" "PGS000319" 10 10 1 0.550277 Inf 0 0 0 NA NA NA NA NA NA 0 0 "All-cause mortality (male)"
"169" "PGS000885" 10 5 0.5 -0.00036011 0.763376635323648 0 0 0 NA NA NA NA NA NA 0 0 "Estimated glomerular filtration rate"
"279" "PGS001087" 10 7 0.7 0.00076987922 2.10613161726727 0 0 0 NA NA NA NA NA NA 0 0 "Alcohol intake frequency"
"289" "PGS001099" 10 4 0.4 -0.00427308662 0.181717527262923 0 0 0 NA NA NA NA NA NA 0 0 "Spherical power (left eye)"
"307" "PGS001124" 10 2 0.2 -0.00102965235 0.551806817491791 0 0 0 NA NA NA NA NA NA 0 0 "Coffee consumption (ground coffee)"
"401" "PGS001232" 10 6 0.6 0.00197404732 2.36087840540972 1 0 1 0.124093 0.459948 NA 0.124093 NA 0.459948 0 0 "Fluid intelligence score"
"463" "PGS001344" 10 5 0.5 -0.00051015767 0.717404267460999 0 0 0 NA NA NA NA NA NA 0 0 "Asthma (diagnosed by doctor)"
"27" "PGS000167" 9 9 1 0.0419054333333333 Inf 0 0 0 NA NA NA NA NA NA 0 0 "Hematocrit"
"28" "PGS000168" 9 9 1 0.0381196444444444 Inf 0 0 0 NA NA NA NA NA NA 0 0 "Hemoglobin concentration"
"44" "PGS000187" 9 9 1 0.0334131111111111 Inf 0 0 0 NA NA NA NA NA NA 0 0 "Red blood cell count"
"76" "PGS000318" 9 9 1 0.526629333333333 Inf 0 0 0 NA NA NA NA NA NA 0 0 "All-cause mortality (female)"
"183" "PGS000938" 9 5 0.555555555555556 0.00266725401111111 1.95772599563607 0 0 0 NA NA NA NA NA NA 0 0 "Varicose veins of lower extremities (time-to-event)"
"226" "PGS001000" 9 5 0.555555555555556 1.37414366666666e-05 1.03163803011408 0 0 0 NA NA NA NA NA NA 0 0 "Nap during day"
"229" "PGS001003" 9 3 0.333333333333333 -0.000816903655555556 0.582394828305635 1 0 1 0.0620103 0.21118 NA 0.0620103 NA 0.21118 1 1 "Number of medications taken"
"241" "PGS001021" 9 5 0.555555555555556 -0.00113235595555556 0.474116924708361 2 0 2 0.1022459 0.3238715 NA 0.1022459 NA 0.3238715 2 2 "Feelings of worry or anxiety"
"316" "PGS001141" 9 3 0.333333333333333 -0.000798564566666667 0.532514075935353 0 0 0 NA NA NA NA NA NA 0 0 "Facial ageing (looking younger than you are)"
"358" "PGS001187" 9 5 0.555555555555556 4.71258066666667e-05 1.23772033839027 0 0 0 NA NA NA NA NA NA 0 0 NA
"464" "PGS001346" 9 3 0.333333333333333 -0.000272423353333333 0.780116475508848 1 0 1 0.0620103 0.21118 NA 0.0620103 NA 0.21118 0 0 "Asthma (time-to-event)"
"78" "PGS000321" 8 3 0.375 5.789675e-05 1.26792003826983 2 0 2 0.1022459 0.3238715 NA 0.1022459 NA 0.3238715 0 0 "Serum testosterone levels"
"80" "PGS000323" 8 5 0.625 0.000292051625 10.589139428365 0 0 0 NA NA NA NA NA NA 0 0 "Serum testosterone levels in males"
"230" "PGS001004" 8 4 0.5 -0.001719258694375 0.140993969063698 0 0 0 NA NA NA NA NA NA 0 0 "Number of non-cancer illnesses"
"234" "PGS001009" 8 3 0.375 0.02188750375 1.29955179463485 0 0 0 NA NA NA NA NA NA 0 0 "PEF"
"259" "PGS001055" 8 1 0.125 -0.00033394171375 0.519178470728258 1 0 1 0.124093 0.459948 NA 0.124093 NA 0.459948 0 0 "Chronotype (morning/evening person)"
"308" "PGS001127" 8 3 0.375 -0.000889605875 0.510955062009098 0 0 0 NA NA NA NA NA NA 0 0 "Never Smoker"
"343" "PGS001170" 8 4 0.5 -0.00018220647925 0.768085238087296 2 0 2 0.1022459 0.3238715 NA 0.1022459 NA 0.3238715 0 0 NA
"350" "PGS001177" 8 3 0.375 0.0070862264625 1.77665768148789 0 0 0 NA NA NA NA NA NA 0 0 NA
"357" "PGS001186" 8 4 0.5 0.015420568125 3.92867528262776 0 0 0 NA NA NA NA NA NA 0 0 NA
"108" "PGS000681" 7 2 0.285714285714286 -0.000328987635114286 0.0475288280802682 2 0 2 0.1022459 0.3238715 NA 0.1022459 NA 0.3238715 2 2 "Direct bilirubin [umol/L]"
"121" "PGS000695" 7 4 0.571428571428571 -7.07935142857143e-05 0.78026160487754 0 0 0 NA NA NA NA NA NA 0 0 "Sodium in urine [mmol/L]"
"182" "PGS000937" 7 2 0.285714285714286 -0.00138848957142857 0.792884621814324 0 0 0 NA NA NA NA NA NA 0 0 "Varicose veins"
"246" "PGS001034" 7 1 0.142857142857143 -0.00083380159 0.0013983725588686 0 0 0 NA NA NA NA NA NA 0 0 "Salt added to food"
"267" "PGS001069" 7 4 0.571428571428571 0.00132776714285714 4.7076631562151 0 0 0 NA NA NA NA NA NA 0 0 "Water intake"
"270" "PGS001075" 7 4 0.571428571428571 0.000261738728571429 2.52491758972994 0 0 0 NA NA NA NA NA NA 0 0 "Usual walking pace"
"286" "PGS001095" 7 5 0.714285714285714 0.00102744708571429 1.85051494724703 8 2 6 0.136511625 0.174673 -0.102411 0.2161525 0.184783 0.171303 8 6 "Hair colour, dark brown"
"290" "PGS001100" 7 3 0.428571428571429 -0.00294487475714286 0.379214884081857 0 0 0 NA NA NA NA NA NA 0 0 "Spherical power (right eye)"
"301" "PGS001115" 7 5 0.714285714285714 0.00184059542857143 2.6465689217619 1 0 1 0.124093 0.459948 NA 0.124093 NA 0.459948 1 1 "Paracetamol use self-reported"
"438" "PGS001284" 7 5 0.714285714285714 0.0022495403 5.0106574630054 0 0 0 NA NA NA NA NA NA 0 0 "Allergic disease (hay fever, allergic rhinitis, or eczema)"
"452" "PGS001327" 7 5 0.714285714285714 0.0025103218 3.51570526551361 0 0 0 NA NA NA NA NA NA 0 0 "Diabetes"
"453" "PGS001328" 7 4 0.571428571428571 -0.000207971628571428 0.898222961899819 0 0 0 NA NA NA NA NA NA 0 0 "Family history of diabetes"
"461" "PGS001342" 7 3 0.428571428571429 -0.0009447809 0.550547038385517 0 0 0 NA NA NA NA NA NA 0 0 NA
"212" "PGS000983" 6 3 0.5 -0.000119376266666667 0.833884074741331 0 0 0 NA NA NA NA NA NA 0 0 NA
"213" "PGS000984" 6 3 0.5 -0.000116316733333333 0.616076837839234 0 0 0 NA NA NA NA NA NA 0 0 "Frequency of playing computer games"
"222" "PGS000995" 6 2 0.333333333333333 -0.00203105366666667 0.40099958563597 0 0 0 NA NA NA NA NA NA 0 0 "Dentures"
"233" "PGS001008" 6 3 0.5 0.000269971 1.66427834316762 0 0 0 NA NA NA NA NA NA 0 0 "Overall health rating"
"240" "PGS001019" 6 5 0.833333333333333 0.0024898611 14.3325776594577 0 0 0 NA NA NA NA NA NA 0 0 "Attending social / leisure activities (regular attendance at a gym or sports club)"
"264" "PGS001062" 6 3 0.5 5.30599166666667e-05 1.06407351148854 2 0 2 0.1022459 0.3238715 NA 0.1022459 NA 0.3238715 2 2 "Fresh fruit intake"
"268" "PGS001071" 6 3 0.5 -6.32565666666667e-05 0.945205379380945 0 0 0 NA NA NA NA NA NA 0 0 "Facial aging, looking 'about your age'"
"305" "PGS001121" 6 5 0.833333333333333 0.0174743561666667 5.68696060528169 0 0 0 NA NA NA NA NA NA 0 0 NA
"344" "PGS001171" 6 3 0.5 0.00520918578333333 8.53292795700923 0 0 0 NA NA NA NA NA NA 0 0 NA
"363" "PGS001192" 6 4 0.666666666666667 -0.00193513985 0.425704570245129 0 0 0 NA NA NA NA NA NA 0 0 "Gonarthrosis [arthrosis of knee] (time-to-event)"
"365" "PGS001194" 6 5 0.833333333333333 0.000682071688333333 26.0188913736691 0 0 0 NA NA NA NA NA NA 0 0 NA
"387" "PGS001218" 6 3 0.5 0.000219046128333333 1.8255087698337 1 0 1 0.124093 0.459948 NA 0.124093 NA 0.459948 1 1 "Mean corpuscular haemoglobin concentration"
"414" "PGS001246" 6 4 0.666666666666667 0.00184631166666667 8.60728923928824 0 0 0 NA NA NA NA NA NA 0 0 "Ease of skin tanning (get very tanned)"
"424" "PGS001261" 6 3 0.5 0.00168462598333333 2.58213399812115 0 0 0 NA NA NA NA NA NA 0 0 "Angina pectoris (time-to-event)"
"433" "PGS001274" 6 2 0.333333333333333 0.00206651015 1.59044198410752 0 0 0 NA NA NA NA NA NA 0 0 "Osteoporosis without pathological fracture (time-to-event)"
"439" "PGS001285" 6 4 0.666666666666667 0.00210384716666667 2.52908704667192 0 0 0 NA NA NA NA NA NA 0 0 "Allergic disease (hay fever, rhinitis, or eczema) (diagnosed by doctor)"
"67" "PGS000297" 5 5 1 0.02104596 Inf 0 0 0 NA NA NA NA NA NA 0 0 "Height"
"202" "PGS000967" 5 4 0.8 0.00698486928 51.8476707763904 0 0 0 NA NA NA NA NA NA 0 0 "Coxarthrosis [arthrosis of hip] (time-to-event)"
"217" "PGS000988" 5 4 0.8 0.00044872104 8.10252706415527 0 0 0 NA NA NA NA NA NA 0 0 "High light scatter reticulocyte percentage"
"247" "PGS001035" 5 1 0.2 -0.00032956352 0.382323407781098 0 0 0 NA NA NA NA NA NA 0 0 NA
"252" "PGS001046" 5 1 0.2 -0.0018678696 0.105329342734226 0 0 0 NA NA NA NA NA NA 0 0 "Past tobacco smoking (Smoked at least once)"
"256" "PGS001052" 5 3 0.6 -0.00042507682 0.782910417621114 0 0 0 NA NA NA NA NA NA 0 0 "Time spend outdoors in summer"
"275" "PGS001080" 5 3 0.6 0.0007081205 3.54225090791021 4 1 3 0.13708825 0.17533525 -0.102411 0.216921333333333 0.184783 0.172186 4 3 "Freq. of tiredness / lethargy in last 2 weeks"
"285" "PGS001094" 5 2 0.4 0.00051695916 1.29842174265004 0 0 0 NA NA NA NA NA NA 0 0 "Hair colour, brown"
"348" "PGS001175" 5 3 0.6 0.006525308 2.22089961741338 0 0 0 NA NA NA NA NA NA 0 0 NA
"356" "PGS001185" 5 3 0.6 0.00120359966 1.47825681619468 0 0 0 NA NA NA NA NA NA 0 0 "Intra-ocular pressure, Goldmann-correlated ®"
"368" "PGS001197" 5 3 0.6 0.000719420332 14.2263695542505 0 0 0 NA NA NA NA NA NA 0 0 NA
"418" "PGS001252" 5 1 0.2 0.00197157026 1.71738287647321 0 0 0 NA NA NA NA NA NA 0 0 "Hearing difficulty and deafness"
"419" "PGS001253" 5 1 0.2 0.002690601078 2.29772908565407 0 0 0 NA NA NA NA NA NA 0 0 "Hearing difficulty"
"442" "PGS001294" 5 3 0.6 0.0022967542 2.51650526515403 0 0 0 NA NA NA NA NA NA 0 0 "Non-insulin-dependent diabetes (time-to-event)"
"450" "PGS001323" 5 3 0.6 -0.0031558384 0.476857656553721 0 0 0 NA NA NA NA NA NA 0 0 "Glaucoma (time-to-event)"
"454" "PGS001329" 5 3 0.6 -0.00073847078 0.789602891126223 0 0 0 NA NA NA NA NA NA 0 0 "Unspecified diabetes mellitus (time-to-event)"
"460" "PGS001341" 5 2 0.4 -0.00147025198 0.131591241655402 0 0 0 NA NA NA NA NA NA 0 0 "Asthma"
"39" "PGS000181" 4 4 1 0.0256927 Inf 0 0 0 NA NA NA NA NA NA 0 0 "Mean sphered corpuscular volume"
"41" "PGS000184" 4 4 1 0.026172425 Inf 0 0 0 NA NA NA NA NA NA 0 0 "Plateletcrit"
"69" "PGS000299" 4 4 1 0.025875 Inf 0 0 0 NA NA NA NA NA NA 0 0 "Waist-to-hip ratio (body mass index adjusted)"
"71" "PGS000302" 4 4 1 0.14897525 Inf 0 0 0 NA NA NA NA NA NA 0 0 "Diastolic blood pressure"
"111" "PGS000684" 4 3 0.75 -0.0002416659625 0.462203545795078 0 0 0 NA NA NA NA NA NA 0 0 "Glucose [mmol/L]"
"177" "PGS000926" 4 3 0.75 0.0001586053 1.51720412575532 0 0 0 NA NA NA NA NA NA 0 0 "Daytime dozing / sleeping (narcolepsy)"
"201" "PGS000965" 4 4 1 0.0096529595 Inf 0 0 0 NA NA NA NA NA NA 0 0 "Hypothyroidism/myxoedema"
"209" "PGS000978" 4 3 0.75 0.0035441255 3.26870495077392 0 0 0 NA NA NA NA NA NA 0 0 "Bread intake"
"218" "PGS000989" 4 3 0.75 0.0008769479 16.8150182167553 0 0 0 NA NA NA NA NA NA 0 0 "Reticulocyte %"
"263" "PGS001060" 4 1 0.25 -0.00022698635 0.52834382519745 0 0 0 NA NA NA NA NA NA 0 0 "Cheese intake"
"269" "PGS001074" 4 2 0.5 0.0005323377 1.4223514487164 0 0 0 NA NA NA NA NA NA 0 0 "Types of physical activity in last 4 weeks (other exercises)"
"276" "PGS001083" 4 2 0.5 1.166487625 1.34706179617617 0 0 0 NA NA NA NA NA NA 0 0 NA
"277" "PGS001084" 4 2 0.5 0.000151546325 1.43424620852748 0 0 0 NA NA NA NA NA NA 0 0 NA
"280" "PGS001088" 4 3 0.75 0.00281807425 1.89910084308424 0 0 0 NA NA NA NA NA NA 0 0 "Average weekly alcohol consumption (beer and cider)"
"284" "PGS001093" 4 3 0.75 0.001436093955 2.14895168418217 0 0 0 NA NA NA NA NA NA 0 0 "Hair colour, blonde"
"299" "PGS001109" 4 3 0.75 0.00244153375 5.42405017417815 0 0 0 NA NA NA NA NA NA 0 0 "Vasomotor and allergic rhinitis (time-to-event)"
"309" "PGS001128" 4 1 0.25 -0.00079235475 0.448733611602858 0 0 0 NA NA NA NA NA NA 0 0 "Previous Smoker"
"315" "PGS001140" 4 2 0.5 0.009445133425 4.74344955866612 0 0 0 NA NA NA NA NA NA 0 0 "Seborrheic keratosis (time-to-event)"
"370" "PGS001199" 4 1 0.25 -0.000893997875 0.370668950050337 0 0 0 NA NA NA NA NA NA 0 0 "Lymphocyte count"
"416" "PGS001248" 4 0 0 -0.01394072365 0 0 0 0 NA NA NA NA NA NA 0 0 "Gout"
"423" "PGS001260" 4 2 0.5 -0.0001705135 0.916886376342812 0 0 0 NA NA NA NA NA NA 0 0 "Angina"
"449" "PGS001322" 4 2 0.5 -0.003592261 0.297464823356385 0 0 0 NA NA NA NA NA NA 0 0 "Glaucoma"
"462" "PGS001343" 4 1 0.25 -0.0032742024 0.0462513572382032 0 0 0 NA NA NA NA NA NA 0 0 "Asthma (algorithmically-defined)"
"34" "PGS000176" 3 3 1 0.0229345 Inf 0 0 0 NA NA NA NA NA NA 0 0 "Mean corpuscular volume"
"38" "PGS000180" 3 3 1 0.0245971666666667 Inf 0 0 0 NA NA NA NA NA NA 0 0 "Mean reticulocyte volume"
"40" "PGS000182" 3 3 1 0.0154613333333333 Inf 0 0 0 NA NA NA NA NA NA 0 0 "Neutrophil count"
"43" "PGS000186" 3 3 1 0.0290352333333333 Inf 0 0 0 NA NA NA NA NA NA 0 0 "Platelet count"
"46" "PGS000189" 3 3 1 0.0185302333333333 Inf 0 0 0 NA NA NA NA NA NA 0 0 "Reticulocyte count"
"48" "PGS000191" 3 3 1 0.0156023 Inf 0 0 0 NA NA NA NA NA NA 0 0 "White blood cell count"
"70" "PGS000301" 3 3 1 0.171628333333333 Inf 0 0 0 NA NA NA NA NA NA 0 0 "Systolic blood pressure"
"72" "PGS000303" 3 3 1 0.00461466666666667 Inf 0 0 0 NA NA NA NA NA NA 0 0 "Estimated glomerular filtration rate"
"73" "PGS000309" 3 0 0 -0.0223333333333333 0 0 0 0 NA NA NA NA NA NA 0 0 "High-density lipoprotein"
"75" "PGS000312" 3 2 0.666666666666667 0.0156666666666667 3.35 0 0 0 NA NA NA NA NA NA 0 0 "Triglycerides"
"92" "PGS000660" 3 3 1 0.0374733333333333 Inf 0 0 0 NA NA NA NA NA NA 0 0 "HDL cholesterol"
"106" "PGS000679" 3 3 1 0.00113688606666667 Inf 0 0 0 NA NA NA NA NA NA 0 0 "Creatinine in urine [umol/L]"
"119" "PGS000693" 3 2 0.666666666666667 0.000117398266666667 1.77691577530699 0 0 0 NA NA NA NA NA NA 0 0 "Potassium in urine [mmol/L]"
"199" "PGS000962" 3 2 0.666666666666667 0.008624904 25.493104936729 0 0 0 NA NA NA NA NA NA 0 0 "Chronic ischaemic heart disease (time-to-event)"
"214" "PGS000985" 3 1 0.333333333333333 -0.0009771676 0.183274776108429 0 0 0 NA NA NA NA NA NA 0 0 NA
"220" "PGS000993" 3 2 0.666666666666667 0.000584885566666667 1.83491667043365 0 0 0 NA NA NA NA NA NA 0 0 "Oily fish consumption"
"239" "PGS001018" 3 2 0.666666666666667 0.00206550736666667 13.9314611006801 2 0 2 0.1022459 0.3238715 NA 0.1022459 NA 0.3238715 0 0 "Attending social / leisure activities (attend any of the followings in once a week or more often: sports club, gym, pub, social club, religious group, adult edication class, or other group activity)"
"243" "PGS001024" 3 2 0.666666666666667 0.00281746033333333 2.97989021614779 0 0 0 NA NA NA NA NA NA 0 0 "Hemorrhoid"
"251" "PGS001040" 3 1 0.333333333333333 0.0005844323 2.58995436887279 0 0 0 NA NA NA NA NA NA 0 0 "Non melanoma skin cancer"
"254" "PGS001049" 3 1 0.333333333333333 -0.000822061666666667 0.212254773598371 0 0 0 NA NA NA NA NA NA 0 0 "Risk taking behaviour"
"257" "PGS001053" 3 1 0.333333333333333 0.000265901566666667 3.44613430568925 0 0 0 NA NA NA NA NA NA 0 0 "Time spend outdoors in winter"
"258" "PGS001054" 3 2 0.666666666666667 0.00208536666666667 2.5255476374873 0 0 0 NA NA NA NA NA NA 0 0 "Snoring"
"261" "PGS001057" 3 2 0.666666666666667 0.00213599733333333 6.707931344403 0 0 0 NA NA NA NA NA NA 0 0 "Cereal consumption"
"266" "PGS001067" 3 2 0.666666666666667 -0.000526137883333333 0.59198566637155 0 0 0 NA NA NA NA NA NA 0 0 "Processed meat intake"
"314" "PGS001135" 3 3 1 0.00512749866666667 Inf 0 0 0 NA NA NA NA NA NA 0 0 "Arthritis (nos)"
"373" "PGS001202" 3 1 0.333333333333333 -0.000140922033333333 0.723139985766892 0 0 0 NA NA NA NA NA NA 0 0 NA
"374" "PGS001203" 3 2 0.666666666666667 -0.00095350467 0.112303524607893 0 0 0 NA NA NA NA NA NA 0 0 NA
"392" "PGS001223" 3 1 0.333333333333333 -0.00383870406666667 0.0593338122548562 0 0 0 NA NA NA NA NA NA 0 0 NA
"393" "PGS001224" 3 1 0.333333333333333 -0.00315203476666667 0.0281621944052934 0 0 0 NA NA NA NA NA NA 0 0 NA
"395" "PGS001226" 3 0 0 -0.00143324788666667 0 0 0 0 NA NA NA NA NA NA 0 0 "Birth weight"
"413" "PGS001245" 3 2 0.666666666666667 0.00124852043333333 6.84120798352418 0 0 0 NA NA NA NA NA NA 0 0 "Ease of skin tanning (get moderately tanned)"
"415" "PGS001247" 3 2 0.666666666666667 -0.000251950333333333 0.921141441820698 0 0 0 NA NA NA NA NA NA 0 0 "Ease of skin tanning (never tan, only burn)"
"426" "PGS001263" 3 1 0.333333333333333 -0.00116719503333333 0.538860353095983 0 0 0 NA NA NA NA NA NA 0 0 "Atrial flutter"
"437" "PGS001283" 3 1 0.333333333333333 -0.0523991366666667 0.115050458717662 4 1 3 0.135935 0.17401075 -0.102411 0.215383666666667 0.184783 0.17042 4 3 "Allergic disease (hay fever, rhinitis or eczema)"
"459" "PGS001340" 3 1 0.333333333333333 -0.00198084233333333 0.578902982947721 0 0 0 NA NA NA NA NA NA 0 0 "Atrial fibrillation"
"6" "PGS000064" 2 0 0 -0.0214942 0 0 0 0 NA NA NA NA NA NA 0 0 "High density lipoprotein (HDL) cholesterol"
"7" "PGS000066" 2 1 0.5 0.0069005 1.69226524879615 0 0 0 NA NA NA NA NA NA 0 0 "Triglycerides (TG)"
"13" "PGS000126" 2 2 1 0.0375 Inf 0 0 0 NA NA NA NA NA NA 0 0 "Serum urate"
"29" "PGS000169" 2 2 1 0.01868915 Inf 0 0 0 NA NA NA NA NA NA 0 0 "High light scatter reticulocyte count"
"32" "PGS000172" 2 2 1 0.0162928 Inf 0 0 0 NA NA NA NA NA NA 0 0 "Lymphocyte count"
"33" "PGS000174" 2 2 1 0.0190213 Inf 0 0 0 NA NA NA NA NA NA 0 0 "Mean corpuscular hemoglobin"
"35" "PGS000177" 2 2 1 0.0357662 Inf 0 0 0 NA NA NA NA NA NA 0 0 "Monocyte count"
"36" "PGS000178" 2 2 1 0.0323432 Inf 0 0 0 NA NA NA NA NA NA 0 0 "Monocyte percentage of white cells"
"45" "PGS000188" 2 2 1 0.01589295 Inf 0 0 0 NA NA NA NA NA NA 0 0 "Red cell distribution width"
"49" "PGS000194" 2 1 0.5 0.115555860481693 Inf 0 0 0 NA NA NA NA NA NA 0 0 "Rheumatoid Arthritis (CCP-positive)"
"50" "PGS000195" 2 1 0.5 0.115555860481693 Inf 0 0 0 NA NA NA NA NA NA 0 0 "Rheumatoid Arthritis (CCP-negative)"
"51" "PGS000196" 2 0 0 0 NA 0 0 0 NA NA NA NA NA NA 0 0 "Systemic lupus eythematosus"
"52" "PGS000197" 2 0 0 0 NA 0 0 0 NA NA NA NA NA NA 0 0 "Spondyloarthroparthy"
"53" "PGS000198" 2 0 0 0 NA 0 0 0 NA NA NA NA NA NA 0 0 "Psoriatic arthritis"
"54" "PGS000199" 2 2 1 0.975 Inf 0 0 0 NA NA NA NA NA NA 0 0 "Gout"
"123" "PGS000697" 2 1 0.5 -0.00036476095 0.262890665060803 0 0 0 NA NA NA NA NA NA 0 0 "Total bilirubin [umol/L]"
"152" "PGS000804" 2 2 1 0.0295 Inf 0 0 0 NA NA NA NA NA NA 0 0 "Type 2 diabetes"
"153" "PGS000805" 2 2 1 0.0295 Inf 0 0 0 NA NA NA NA NA NA 0 0 "Type 2 diabetes"
"154" "PGS000806" 2 2 1 0.0355 Inf 0 0 0 NA NA NA NA NA NA 0 0 "Type 2 diabetes"
"155" "PGS000807" 2 2 1 0.0235 Inf 0 0 0 NA NA NA NA NA NA 0 0 "Type 2 diabetes"
"156" "PGS000808" 2 2 1 0.043 Inf 0 0 0 NA NA NA NA NA NA 0 0 "Type 2 diabetes"
"178" "PGS000928" 2 1 0.5 0.0084872945 6.463405881181 0 0 0 NA NA NA NA NA NA 0 0 "Other non-toxic goitre (time-to-event)"
"180" "PGS000932" 2 1 0.5 0.0011261985 1.62455083660365 0 0 0 NA NA NA NA NA NA 0 0 "Other intervertebral disk disorders (time-to-event)"
"184" "PGS000942" 2 0 0 -0.00210906 0 0 0 0 NA NA NA NA NA NA 0 0 "Cholecystitis"
"188" "PGS000949" 2 1 0.5 7.79449999999994e-06 1.01455449556428 0 0 0 NA NA NA NA NA NA 0 0 "Inguinal hernia (time-to-event)"
"203" "PGS000968" 2 0 0 -0.0005846143 0 0 0 0 NA NA NA NA NA NA 0 0 NA
"215" "PGS000986" 2 1 0.5 -0.0003753736 0.224905532589708 0 0 0 NA NA NA NA NA NA 0 0 NA
"219" "PGS000991" 2 2 1 0.00219874075 Inf 0 0 0 NA NA NA NA NA NA 0 0 "Never eat sugar"
"221" "PGS000994" 2 1 0.5 0.0030953245 4.13210005276959 0 0 0 NA NA NA NA NA NA 0 0 "Tea intake"
"227" "PGS001001" 2 1 0.5 -0.0009060869 0.166463684162351 0 0 0 NA NA NA NA NA NA 0 0 "Getting up in morning"
"231" "PGS001006" 2 1 0.5 -0.0009507765 0.50117089752371 0 0 0 NA NA NA NA NA NA 0 0 "Weight change compared with 1 year ago"
"232" "PGS001007" 2 0 0 -0.00221594025 0 0 0 0 NA NA NA NA NA NA 0 0 "Age at first sexual intercourse"
"236" "PGS001012" 2 1 0.5 -0.00029385644 0.0872590712610318 0 0 0 NA NA NA NA NA NA 0 0 "Number of falls in the last year"
"238" "PGS001017" 2 1 0.5 6.80644e-05 1.16023290887854 0 0 0 NA NA NA NA NA NA 0 0 "Suffer from 'nerves'"
"255" "PGS001050" 2 0 0 -0.0024041495 0 0 0 0 NA NA NA NA NA NA 0 0 "Diaphragmatic hernia (time-to-event)"
"278" "PGS001086" 2 1 0.5 -0.0007728603 0.351198903974352 0 0 0 NA NA NA NA NA NA 0 0 "Alcohol consumption"
"281" "PGS001089" 2 1 0.5 0.0028126185 6.08447740553439 0 0 0 NA NA NA NA NA NA 0 0 NA
"287" "PGS001096" 2 2 1 0.0025824693 Inf 0 0 0 NA NA NA NA NA NA 0 0 "Hair colour, light brown"
"302" "PGS001118" 2 1 0.5 -0.002323729 0.262849766869671 0 0 0 NA NA NA NA NA NA 0 0 "Taking other prescription medications"
"310" "PGS001130" 2 2 1 0.01589415 Inf 0 0 0 NA NA NA NA NA NA 0 0 "Number of cigarettes previously smoked per day"
"311" "PGS001132" 2 1 0.5 0.00289269885 16.5657727747116 0 0 0 NA NA NA NA NA NA 0 0 "Family history of chronic bronchitis/emphysema"
"317" "PGS001142" 2 2 1 0.34576505 Inf 0 0 0 NA NA NA NA NA NA 0 0 "Volume of grey matter in Intracalcarine Cortex (R)"
"325" "PGS001150" 2 2 1 0.0004813361 Inf 0 0 0 NA NA NA NA NA NA 0 0 "Sleep duration"
"347" "PGS001174" 2 1 0.5 -0.0040937375 0.224865445697813 0 0 0 NA NA NA NA NA NA 0 0 "Cholelithiasis (time-to-event)"
"353" "PGS001181" 2 2 1 0.0174335755 Inf 0 0 0 NA NA NA NA NA NA 0 0 "Other hypothyroidism (time-to-event)"
"400" "PGS001231" 2 2 1 0.011078595 Inf 0 0 0 NA NA NA NA NA NA 0 0 NA
"417" "PGS001249" 2 0 0 -0.013999076 0 0 0 0 NA NA NA NA NA NA 0 0 "Gout (time-to-event)"
"421" "PGS001256" 2 1 0.5 -0.004771933 0.193447940153403 0 0 0 NA NA NA NA NA NA 0 0 "Gallstones"
"425" "PGS001262" 2 1 0.5 -0.0010270205 0.454900266520319 0 0 0 NA NA NA NA NA NA 0 0 "Vascular/heart problems diagnosed by doctor Angina"
"427" "PGS001264" 2 0 0 -0.0018968236 0 0 0 0 NA NA NA NA NA NA 0 0 "Deep vein thrombosis"
"428" "PGS001265" 2 0 0 -0.008962667 0 0 0 0 NA NA NA NA NA NA 0 0 "Deep vein thrombosis (leg)"
"429" "PGS001266" 2 0 0 -0.010112864 0 0 0 0 NA NA NA NA NA NA 0 0 "Deep vein thrombosis (diagnosed by doctor)"
"432" "PGS001273" 2 1 0.5 0.008532018 16.7591179936535 0 0 0 NA NA NA NA NA NA 0 0 "Osteoporosis"
"440" "PGS001290" 2 1 0.5 0.000486226 1.19588683809139 0 0 0 NA NA NA NA NA NA 0 0 "Osteoarthritis"
"444" "PGS001301" 2 0 0 -0.008246882 0 0 0 0 NA NA NA NA NA NA 0 0 "Malabsorption/coeliac disease"
"458" "PGS001339" 2 0 0 -0.0040877045 0 0 0 0 NA NA NA NA NA NA 0 0 "Atrial fibrillation and flutter (time-to-event)"
"465" "PGS001347" 2 1 0.5 -0.0012745075 0.359112417406696 0 0 0 NA NA NA NA NA NA 0 0 "Family history of Alzheimer's/dementia"
"5" "PGS000058" 1 1 1 0.048790164169432 Inf 0 0 0 NA NA NA NA NA NA 0 0 "Coronary artery disease"
"8" "PGS000084" 1 1 1 0.048790164169432 Inf 0 0 0 NA NA NA NA NA NA 0 0 "Prostate cancer"
"9" "PGS000115" 1 1 1 0.008065 Inf 0 0 0 NA NA NA NA NA NA 0 0 "low density lipoprotein cholesterol"
"12" "PGS000124" 1 1 1 0.085 Inf 0 0 0 NA NA NA NA NA NA 0 0 "Intraocular pressure"
"30" "PGS000170" 1 1 1 0.0207175 Inf 0 0 0 NA NA NA NA NA NA 0 0 "High light scatter reticulocyte percentage of red cells"
"31" "PGS000171" 1 1 1 0.0136105 Inf 0 0 0 NA NA NA NA NA NA 0 0 "Immature fraction of reticulocytes"
"37" "PGS000179" 1 1 1 0.0172486 Inf 0 0 0 NA NA NA NA NA NA 0 0 "Mean platelet volume"
"42" "PGS000185" 1 1 1 0.0182721 Inf 0 0 0 NA NA NA NA NA NA 0 0 "Platelet distribution width"
"47" "PGS000190" 1 1 1 0.0205073 Inf 0 0 0 NA NA NA NA NA NA 0 0 "Reticulocyte fraction of red cells"
"61" "PGS000210" 1 1 1 0.02 Inf 0 0 0 NA NA NA NA NA NA 0 0 "Lung function (FEV1/FVC)"
"62" "PGS000212" 1 0 0 -0.05 0 0 0 0 NA NA NA NA NA NA 0 0 "Breast cancer intrinsic-like subtype (luminal A-like)"
"63" "PGS000213" 1 0 0 -0.05453313 0 0 0 0 NA NA NA NA NA NA 0 0 "Breast cancer intrinsic-like subtype (luminal B/HER2-negative-like)"
"64" "PGS000214" 1 0 0 -0.10116443 0 0 0 0 NA NA NA NA NA NA 0 0 "Breast cancer intrinsic-like subtype (luminal B-like)"
"65" "PGS000215" 1 0 0 -0.019158335 0 0 0 0 NA NA NA NA NA NA 0 0 "Breast cancer intrinsic-like subtype (HER2-enriched-like)"
"66" "PGS000216" 1 0 0 -0.04937288 0 0 0 0 NA NA NA NA NA NA 0 0 "Breast cancer intrinsic-like subtype (triple negative)"
"68" "PGS000298" 1 1 1 0.0131489 Inf 0 0 0 NA NA NA NA NA NA 0 0 "Body mass index"
"74" "PGS000311" 1 1 1 0.014 Inf 0 0 0 NA NA NA NA NA NA 0 0 "Total cholesterol"
"87" "PGS000344" 1 0 0 -0.064 0 0 0 0 NA NA NA NA NA NA 0 0 "Breast cancer"
"88" "PGS000345" 1 0 0 -0.064 0 0 0 0 NA NA NA NA NA NA 0 0 "Breast cancer"
"89" "PGS000346" 1 0 0 -0.064 0 0 0 0 NA NA NA NA NA NA 0 0 "Estrogen receptor negative breast cancer"
"90" "PGS000347" 1 0 0 -0.064 0 0 0 0 NA NA NA NA NA NA 0 0 "Estrogen receptor positive breast cancer"
"91" "PGS000659" 1 1 1 0.04857 Inf 0 0 0 NA NA NA NA NA NA 0 0 "Triglycerides"
"93" "PGS000662" 1 1 1 0.041792627 Inf 0 0 0 NA NA NA NA NA NA 0 0 "Prostate Cancer"
"94" "PGS000665" 1 1 1 0.0477 Inf 0 0 0 NA NA NA NA NA NA 0 0 "Ischemic stroke"
"140" "PGS000716" 1 0 0 -0.0113078 0 0 0 0 NA NA NA NA NA NA 0 0 "Early life body size"
"141" "PGS000717" 1 1 1 0.0250634 Inf 0 0 0 NA NA NA NA NA NA 0 0 "Adult life body size"
"145" "PGS000742" 1 1 1 0.019 Inf 0 0 0 NA NA NA NA NA NA 0 0 "Prostate cancer"
"148" "PGS000759" 1 1 1 0.059636403 Inf 0 0 0 NA NA NA NA NA NA 0 0 "Hypothyroidism"
"150" "PGS000795" 1 1 1 5.52 Inf 0 0 0 NA NA NA NA NA NA 0 0 "Prostate cancer"
"151" "PGS000798" 1 1 1 0.048790164169432 Inf 0 0 0 NA NA NA NA NA NA 0 0 "Coronary heart disease"
"157" "PGS000816" 1 1 1 0.0029 Inf 0 0 0 NA NA NA NA NA NA 0 0 "Alanine transaminase"
"158" "PGS000818" 1 1 1 0.045 Inf 0 0 0 NA NA NA NA NA NA 0 0 "Coronary heart disease"
"162" "PGS000822" 1 0 0 -0.017 0 0 0 0 NA NA NA NA NA NA 0 0 "Urinary albumin to creatinine ratio"
"163" "PGS000868" 1 1 1 0.048790164169432 Inf 0 0 0 NA NA NA NA NA NA 0 0 "Type II diabetes"
"164" "PGS000877" 1 1 1 1 Inf 0 0 0 NA NA NA NA NA NA 0 0 "Insulin resistance"
"165" "PGS000879" 1 1 1 0.085 Inf 0 0 0 NA NA NA NA NA NA 0 0 "Intraocular pressure"
"170" "PGS000899" 1 1 1 0.049 Inf 0 0 0 NA NA NA NA NA NA 0 0 "Coronary heart disease"
"171" "PGS000906" 1 0 0 -0.0223951 0 0 0 0 NA NA NA NA NA NA 0 0 "Longevity"
"179" "PGS000931" 1 0 0 -0.005313296 0 0 0 0 NA NA NA NA NA NA 0 0 "Blood clot or deep vein thrombosis (diagnosed by doctor)"
"185" "PGS000944" 1 1 1 0.002875669 Inf 0 0 0 NA NA NA NA NA NA 0 0 "Eczema, dermatitis"
"186" "PGS000947" 1 0 0 -0.004924028 0 0 0 0 NA NA NA NA NA NA 0 0 "Mouth ulcers"
"187" "PGS000948" 1 1 1 0.00153073 Inf 0 0 0 NA NA NA NA NA NA 0 0 "Inguinal hernia"
"197" "PGS000960" 1 0 0 -0.008422303 0 0 0 0 NA NA NA NA NA NA 0 0 "Other systemic involvement of connective tissue (time-to-event)"
"198" "PGS000961" 1 0 0 -0.008483188 0 0 0 0 NA NA NA NA NA NA 0 0 "Phlebitis and thrombophlebitis (time-to-event)"
"200" "PGS000963" 1 0 0 -0.001417172 0 0 0 0 NA NA NA NA NA NA 0 0 "Follicular cysts of skin and subcutaneous tissue (time-to-event)"
"207" "PGS000972" 1 0 0 -0.001737431 0 0 0 0 NA NA NA NA NA NA 0 0 "Microalbumin [> 40 mg/L]"
"210" "PGS000980" 1 0 0 -0.002262357 0 0 0 0 NA NA NA NA NA NA 0 0 "Use of sun / ultraviolet protection (always)"
"211" "PGS000982" 1 1 1 0.002094018 Inf 0 0 0 NA NA NA NA NA NA 0 0 "Use of sun / ultraviolet protection (never / rarely)"
"244" "PGS001028" 1 1 1 0.006429042 Inf 0 0 0 NA NA NA NA NA NA 0 0 "Diabetic eye disease"
"245" "PGS001032" 1 0 0 -0.01094095 0 0 0 0 NA NA NA NA NA NA 0 0 "Uterine fibroids"
"253" "PGS001047" 1 1 1 0.005099231 Inf 0 0 0 NA NA NA NA NA NA 0 0 "Past tobacco smoking (Smoked occasionally)"
"260" "PGS001056" 1 0 0 -0.00028947 0 0 0 0 NA NA NA NA NA NA 0 0 "Beef intake"
"262" "PGS001058" 1 1 1 0.001995251 Inf 0 0 0 NA NA NA NA NA NA 0 0 "Cereal consumption (biscuit cereal)"
"265" "PGS001066" 1 0 0 -0.0007898532 0 2 0 2 0.1022459 0.3238715 NA 0.1022459 NA 0.3238715 0 0 "Poultry intake"
"283" "PGS001092" 1 0 0 -0.001063713 0 0 0 0 NA NA NA NA NA NA 0 0 "Hair colour, black"
"288" "PGS001098" 1 1 1 0.003545576 Inf 0 0 0 NA NA NA NA NA NA 0 0 "Hair colour, red"
"297" "PGS001107" 1 0 0 -0.001742341 0 0 0 0 NA NA NA NA NA NA 0 0 "UACR [> 30 mg/g]"
"300" "PGS001113" 1 0 0 -0.002422148 0 0 0 0 NA NA NA NA NA NA 0 0 "Aspirin use self-reported"
"318" "PGS001143" 1 1 1 0.6625783 Inf 0 0 0 NA NA NA NA NA NA 0 0 "Volume of grey matter in Parietal Operculum Cortex (R)"
"375" "PGS001204" 1 0 0 -0.0009830003 0 0 0 0 NA NA NA NA NA NA 0 0 NA
"420" "PGS001255" 1 1 1 0.01339237 Inf 0 0 0 NA NA NA NA NA NA 0 0 "Otosclerosis (time-to-event)"
"422" "PGS001259" 1 1 1 0.002668126 Inf 0 0 0 NA NA NA NA NA NA 0 0 "Hayfever/allergic rhinitis"
"430" "PGS001269" 1 0 0 -0.002525138 0 0 0 0 NA NA NA NA NA NA 0 0 NA
"431" "PGS001272" 1 1 1 0.01373197 Inf 0 0 0 NA NA NA NA NA NA 0 0 "Chronic renal failure (time-to-event)"
"434" "PGS001276" 1 1 1 0.01497883 Inf 0 0 0 NA NA NA NA NA NA 0 0 "Retinal disorders in diseases classified elsewhere (time-to-event)"
"435" "PGS001278" 1 0 0 -0.005123946 0 0 0 0 NA NA NA NA NA NA 0 0 "previously: Blood clot in the leg (DVT) or lung"
"436" "PGS001282" 1 0 0 -0.005288044 0 0 0 0 NA NA NA NA NA NA 0 0 "Migraine (time-to-event)"
"441" "PGS001292" 1 0 0 -0.008099783 0 0 0 0 NA NA NA NA NA NA 0 0 "Family history of prostate cancer"
"445" "PGS001303" 1 0 0 -0.002598955 0 0 0 0 NA NA NA NA NA NA 0 0 "Other cataract (time-to-event)"
"446" "PGS001317" 1 1 1 0.0005908678 Inf 0 0 0 NA NA NA NA NA NA 0 0 "Vascular/heart problems diagnosed by doctor Heart attack"
"456" "PGS001336" 1 0 0 -0.0005150129 0 0 0 0 NA NA NA NA NA NA 0 0 "Breast cancer"
"457" "PGS001338" 1 0 0 -0.01224018 0 0 0 0 NA NA NA NA NA NA 0 0 "Hyperplasia of prostate (time-to-event)"
