GenerationLength_d
147.5856
187.3565
201.5947167
210.0586
229.0677
249.2027167
266.6535667
273.1928
297.4414083
318.75155
320.8195
330.7472
331.5827167
347.068
356.6971
363.52745
369.69045
372.35
380.4016167
389.8012
390.5005
392.4667
392.56485
405.2845
415.644
419.5578
424.0141667
427.67965
431.44575
450.5125
462.87905
467.01615
470.3622
476.46485
479.2934
479.56125
491.8841
504.40745
505.49585
513.1567
518.37315
524.7815
533.43285
542.6033
542.7302833
544.46525
550.909
555.65905
558.6411
562.5317
568.63755
570.06755
572.56
574.86595
576.8888
590.755
591.9299
600.93415
601.7602
607.8119667
612.15985
615.4024
618.7144
622.1218
623.0089
625.1262
627.2105
634.2918
637.4824
639.38525
644.00335
649.48035
651.6931
654.85
658.27775
663.3818
664.09675
671.0762
680.5528
682.2908
683.31225
695.32235
703.088
706.1569
710.90215
712.03415
712.22605
714.8
716.36965
726.0055
730
730
731.3936
731.7872
737.5679
742.9204
753.931
755.61195
755.95645
763.4281
763.5382
782.2066
786.86995
791.6752
792.66
797.9786
798.0911
810.53
824.2155
824.9973
833.89475
834.8625
836.8205
838.0872667
838.1847
847.3821
850.77085
854.6685
856.09045
859.7011
874.73125
878.35415
883.5172
883.7897
884.68295
893.3032
895.4725
897.40775
910.7963
917.4219
926.792
927.6256
940.3939
944.5872
945.15485
951.2818
953.1642
953.4568
962.787
967.375
975.7717
979.3233
985.4573
986.1104833
995.97395
996.4534
1008.6976
1010.0935
1013.94125
1017.053
1018.223333
1019.7194
1030.6743
1032.4477
1045.7507
1049.08055
1059.5661
1070.30375
1076.0918
1078.777858
1081.2493
1089.485
1095
1097.83525
1100.21785
1103.687
1107.0505
1120.762778
1126.8755
1133.1875
1142.08425
1148.8483
1153.4
1155.0817
1155.6
1160.355
1171.038017
1171.6557
1183.8648
1194.19395
1202.7224
1205.3128
1208.53695
1221.14745
1226.50635
1241.55565
1253.04
1257.256817
1261.998333
1274.34
1287.664
1289.8028
1289.864667
1296.774028
1302.644667
1310.04695
1311.5224
1317.65
1317.65
1317.65
1324.1536
1335.15805
1338.6623
1346.38115
1384.149167
1384.606533
1386.717125
1390.07
1392.97
1401.15625
1414.679167
1421.102183
1427.3028
1437.367
1450.03755
1453.76635
1455.255
1459.26
1460
1460
1460
1460
1460
1460
1461.835
1470.1
1472.701
1472.896666
1473.65
1484.792222
1488.11
1497.506633
1507.34
1509.30515
1523.095
1524.0575
1524.622233
1527.70685
1529.35
1530.1676
1549.637578
1559.119689
1560.5875
1567.7682
1571.426333
1572.66
1578.34
1579.5955
1583.31
1585.1964
1585.89115
1589.266667
1595.20195
1599.6536
1603.12755
1604.369167
1604.9839
1606.95955
1618.29
1622.093517
1627.173333
1646.259167
1647.5821
1652.464383
1656.11315
1658.835
1669.307222
1673.5696
1675.3724
1683.36075
1685.3793
1700.19755
1704.2151
1714.826067
1717.83165
1729.4573
1729.495
1730.465
1730.465
1730.465
1735.559295
1741.05
1741.05
1742.47
1744.588433
1745.31
1754.1
1772.805
1776.167778
1778.035983
1779.775
1782.29
1787.9305
1793.275567
1798.679445
1809.35425
1816.76125
1817.61
1821.16
1821.51315
1825
1825
1825
1825
1825
1825
1825
1825
1825
1825
1825
1825
1825
1825
1825
1825
1825
1825
1825
1825
1825
1825
1825
1825
1825
1825
1827.5715
1838.66105
1846.9
1846.9
1854.65
1856.78
1871.187117
1878.788155
1888.9911
1890.876667
1893.82625
1901.915067
1902.74
1903.782067
1905.83
1906.4999
1914.52065
1920.4777
1930.0898
1930.24335
1930.60005
1931.45
1931.482667
1933.932222
1936.42625
1939.368333
1955.5492
1956.36625
1959.906067
1960.885
1962.5383
1965.47
1965.66275
1967.0915
1970.3441
1975.47
1977.54
1979.1637
1985.475
1995.4701
2006.8029
2011.279
2015.29
2016.276883
2017.365
2022.515
2028.6186
2029.31
2029.755
2030.35395
2032.3307
2036.1475
2041.808633
2051.884
2056.2175
2066.138333
2071.2455
2077.3875
2079.58125
2086.55
2087.381433
2097.005
2097.4631
2098.68845
2105.3972
2108.0685
2110.425
2112.75
2129.166667
2136.101433
2137.805
2139.1548
2141.73375
2145.09375
2146.94685
2148.39
2153.5
2153.865
2158.075633
2161.2481
2167.314167
2168.0497
2171.91595
2173.37545
2181.36375
2186.127
2190
2190
2190
2190
2190
2190
2190
2190
2190
2190
2190
2190
2190
2190
2190
2190
2190
2191.955117
2193.86525
2198.09
2206.301667
2211.9
2216.97025
2227.96
2228.39025
2228.517895
2249.325
2250.566667
2253.9745
2257.9474
2261.72
2268.94875
2275.945333
2276.245
2293.051667
2293.8365
2299.817334
2305.9325
2327.157917
2333.81
2343.49
2348.89275
2350.842867
2354.85
2376.15
2376.15
2376.15
2376.355733
2380.41
2388.1518
2394.273333
2400.9362
2407.905
2407.975
2416.4143
2417.77825
2421.9825
2423.6
2432.18
2437.9015
2439.66
2440.76
2442.51125
2461.865
2471.524217
2471.76
2472.702
2486.14
2496.146667
2498.9818
2506.4968
2507.5
2550.887933
2555
2555
2555
2555
2555
2555
2555
2555
2555
2555
2555
2555
2555
2555
2555
2555
2555
2555
2555
2555
2555
2555
2555
2555
2555
2555
2555
2555
2555
2555
2555
2555
2555
2555.9125
2563.152683
2583.92125
2584.1922
2592.96
2605.92075
2617.55
2622.30185
2641.875
2642.060567
2657.59975
2659.825
2663.526667
2664.41
2667.1385
2684.0325
2686.602133
2700.0653
2701.5291
2703.9188
2713.29805
2713.4
2725.440866
2731.95905
2764.52
2772.962083
2778.4359
2779.7975
2785.9588
2807.003761
2814.0175
2827.89
2846.6847
2847
2848.54
2850.514083
2864.16
2875.226667
2894.45
2920
2920
2920
2920
2920
2920
2920
2920
2931.795
2954.431667
2958.590833
2984.65355
2991.18
2994.435078
3011.15825
3011.876283
3014.413333
3030.662667
3030.735933
3031.9718
3060.979583
3062.15
3063.8029
3134.383667
3135.631967
3136.8
3147.39
3150.085533
3177.4107
3212
3212
3285
3285
3285
3285
3298.5039
3338.239417
3351.042633
3354.315
3391.958167
3401.503017
3410.5727
3423.7
3530.65
3542.014
3545.59095
3553.38
3570.785
3581.681317
3650
3650
3650
3650
3650
3650
3650
3650
3650
3650
3650
3650
3650
3704.385
3821.3904
3833.0013
3855.4877
3913.16785
4015
4015
4015
4015
4015
4015
4064.145
4124.5275
4160.295433
4194.899833
4239.809
4260.47645
4269.8894
4274.28285
4287.958
4294.58
4380
4599
4647.94135
4669.36675
4745
4764.235717
4840.09
5054.41125
5062.938695
5095.5978
5110
5246.699417
5306.69155
5400.53
5475
5475
5475
5659.8752
5687.0204
5840
6460.5
6570
6687.11855
6803.8094
6935
7242.6075
7300
7300
7300
7898.81575
7926.62525
8030
8030
8245.925
8395
8504.5
8650.5
8760
8760
9490
9855
9964.5
10042.4483
10246.2396
10444.3345
11315
18980
147.5856
147.5856
147.5856
202.795
202.795
202.795
202.795
202.795
202.795
202.795
202.795
202.795
202.795
202.795
202.795
202.795
202.795
202.795
202.795
202.795
202.795
202.795
308.1925
308.1925
308.1925
308.1925
318.75155
318.75155
318.75155
318.75155
330.7472
330.7472
330.7472
330.7472
330.7472
330.7472
330.7472
330.7472
330.7472
330.7472
330.7472
330.7472
330.7472
330.7472
330.7472
330.7472
330.7472
330.7472
330.7472
330.7472
330.7472
330.7472
330.7472
330.7472
330.7472
330.7472
330.7472
330.7472
330.7472
332.82975
332.82975
332.82975
332.82975
332.82975
332.82975
332.82975
332.82975
339.884375
363.52745
363.52745
363.52745
363.52745
373.6238021
373.6238021
373.6238021
373.6238021
373.6238021
373.6238021
373.6238021
373.6238021
373.6238021
373.6238021
373.6238021
373.6238021
373.6238021
373.6238021
373.6238021
373.6238021
373.6238021
373.6238021
373.6238021
373.6238021
373.6238021
373.6238021
373.6238021
373.6238021
373.6238021
373.6238021
373.6238021
373.6238021
373.6238021
373.6238021
373.6238021
373.6238021
373.6238021
373.6238021
373.6238021
373.6238021
373.6238021
373.6238021
373.6238021
373.6238021
373.6238021
373.6238021
373.6238021
373.6238021
373.6238021
373.6238021
373.6238021
373.6238021
373.6238021
373.6238021
373.6238021
373.6238021
373.6238021
373.6238021
373.6238021
373.6238021
379.2929563
379.2929563
379.2929563
379.2929563
379.2929563
379.2929563
379.2929563
379.2929563
379.2929563
379.2929563
379.2929563
379.2929563
379.2929563
379.2929563
379.2929563
379.2929563
379.2929563
379.2929563
379.2929563
379.2929563
379.2929563
379.2929563
379.2929563
379.2929563
379.2929563
379.2929563
379.2929563
379.2929563
379.2929563
379.2929563
379.2929563
379.2929563
379.2929563
379.2929563
405.053
407.8632542
407.8632542
407.8632542
409.171225
409.171225
409.171225
409.171225
409.171225
409.171225
409.171225
409.171225
409.171225
409.171225
409.171225
409.171225
409.171225
409.171225
409.171225
409.171225
409.171225
409.171225
409.171225
409.171225
409.171225
409.171225
409.171225
409.171225
409.171225
409.171225
409.171225
409.171225
409.171225
409.171225
409.171225
409.171225
409.171225
409.171225
409.171225
409.171225
409.171225
409.171225
409.171225
409.171225
409.171225
409.171225
409.171225
409.171225
409.171225
409.171225
409.171225
409.171225
409.171225
409.171225
409.171225
409.171225
409.171225
409.171225
409.171225
409.171225
409.171225
409.171225
409.171225
409.171225
409.171225
409.171225
409.171225
409.171225
409.171225
409.171225
409.171225
409.171225
409.171225
409.171225
409.171225
409.171225
409.171225
409.171225
409.171225
422.8845979
422.8845979
422.8845979
422.8845979
422.8845979
422.8845979
422.8845979
422.8845979
422.8845979
422.8845979
422.8845979
422.8845979
422.8845979
422.8845979
422.8845979
422.8845979
422.8845979
422.8845979
422.8845979
422.8845979
422.8845979
422.8845979
422.8845979
422.8845979
422.8845979
422.8845979
422.8845979
422.8845979
422.8845979
422.8845979
422.8845979
422.8845979
422.8845979
422.8845979
422.8845979
422.8845979
422.8845979
422.8845979
422.8845979
422.8845979
422.8845979
422.8845979
422.8845979
422.8845979
422.8845979
422.8845979
422.8845979
422.8845979
422.8845979
422.8845979
422.8845979
422.8845979
422.8845979
422.8845979
422.8845979
422.8845979
422.8845979
422.8845979
422.8845979
422.8845979
426.9101194
426.9101194
426.9101194
426.9101194
426.9101194
426.9101194
426.9101194
426.9101194
426.9101194
426.9101194
426.9101194
426.9101194
426.9101194
426.9101194
426.9101194
426.9101194
426.9101194
426.9101194
426.9101194
426.9101194
426.9101194
426.9101194
426.9101194
426.9101194
426.9101194
426.9101194
426.9101194
426.9101194
426.9101194
426.9101194
426.9101194
426.9101194
426.9101194
426.9101194
427.67965
427.67965
427.67965
427.67965
427.67965
427.67965
427.67965
427.67965
427.67965
427.67965
427.67965
427.67965
427.67965
427.67965
427.67965
427.67965
427.67965
427.67965
427.67965
427.67965
427.67965
427.67965
427.67965
427.67965
427.67965
427.67965
427.67965
427.67965
427.67965
427.67965
427.67965
427.67965
427.67965
427.67965
427.67965
427.67965
427.67965
427.67965
427.67965
427.67965
427.67965
427.67965
427.67965
427.67965
427.67965
427.67965
427.67965
427.67965
427.67965
427.67965
427.67965
427.67965
427.67965
427.67965
427.67965
427.67965
427.67965
427.67965
427.67965
427.67965
427.67965
427.67965
427.67965
427.67965
427.67965
427.67965
427.67965
427.67965
427.67965
427.67965
427.67965
427.67965
427.67965
427.67965
427.67965
427.67965
427.67965
427.67965
427.67965
427.67965
427.67965
427.67965
427.67965
427.67965
427.67965
427.67965
427.67965
427.67965
427.67965
427.67965
427.67965
427.67965
427.67965
427.67965
427.67965
433.3599222
433.3599222
433.3599222
433.3599222
433.3599222
433.3599222
433.3599222
433.3599222
435.665
435.665
435.665
435.665
435.665
435.665
435.665
435.665
436.1317
436.1317
436.1317
436.1317
436.1317
436.1317
446.445
446.445
446.445
448.85415
454.5125
462.87905
462.87905
467.01615
467.01615
467.01615
467.01615
467.01615
470.3622
470.3622
470.3622
470.3622
470.3622
470.3622
476.46485
476.46485
476.46485
476.46485
476.46485
476.46485
476.46485
476.46485
476.46485
476.46485
504.2578
504.2578
534.7590667
534.7590667
534.7590667
534.7590667
534.7590667
534.7590667
534.7590667
534.7590667
534.7590667
534.7590667
534.7590667
534.7590667
534.7590667
534.7590667
534.7590667
534.7590667
534.7590667
534.7590667
534.7590667
534.7590667
534.7590667
534.7590667
534.7590667
534.7590667
534.7590667
534.7590667
534.7590667
534.7590667
534.7590667
534.7590667
534.7590667
534.7590667
534.7590667
534.7590667
534.7590667
534.7590667
534.7590667
534.7590667
534.7590667
534.7590667
534.7590667
534.7590667
534.7590667
534.7590667
534.7590667
534.7590667
534.7590667
534.7590667
534.7590667
534.7590667
534.7590667
534.7590667
534.7590667
534.7590667
534.7590667
534.7590667
534.7590667
534.7590667
534.7590667
546.0264667
546.0264667
546.0264667
546.0264667
546.0264667
546.0264667
546.0264667
546.0264667
546.0264667
546.0264667
546.0264667
546.0264667
546.0264667
546.0264667
549.2776
553.4351
553.4351
553.4351
554.1929125
554.1929125
554.1929125
554.1929125
554.1929125
554.1929125
554.1929125
554.1929125
554.1929125
554.1929125
554.1929125
554.1929125
554.1929125
554.1929125
554.1929125
554.1929125
555.65905
555.65905
555.65905
555.65905
555.65905
555.65905
555.65905
555.65905
555.65905
555.65905
568.63755
568.63755
568.63755
568.63755
568.63755
568.63755
568.63755
568.63755
589.3882991
589.3882991
589.3882991
589.3882991
589.3882991
589.3882991
589.3882991
589.3882991
589.3882991
589.3882991
589.3882991
589.3882991
589.3882991
589.3882991
589.3882991
589.3882991
589.3882991
589.3882991
589.3882991
589.3882991
589.3882991
589.3882991
589.3882991
589.3882991
589.3882991
589.3882991
589.3882991
589.3882991
589.3882991
589.3882991
589.3882991
589.3882991
589.3882991
589.3882991
589.3882991
589.3882991
589.3882991
589.3882991
589.3882991
589.3882991
589.3882991
589.3882991
589.3882991
589.3882991
589.3882991
589.3882991
589.3882991
589.3882991
589.3882991
589.3882991
589.3882991
589.3882991
589.3882991
589.3882991
589.3882991
589.3882991
589.3882991
589.3882991
589.3882991
589.3882991
589.3882991
589.3882991
589.3882991
589.3882991
589.3882991
589.3882991
589.3882991
589.3882991
589.3882991
589.3882991
589.3882991
589.3882991
589.3882991
589.3882991
589.3882991
589.3882991
589.3882991
589.3882991
589.3882991
589.3882991
589.3882991
589.3882991
589.3882991
589.3882991
589.3882991
589.3882991
589.3882991
589.3882991
589.3882991
589.3882991
589.3882991
589.3882991
589.3882991
589.3882991
589.3882991
589.3882991
589.3882991
589.3882991
589.3882991
589.3882991
589.3882991
589.3882991
589.3882991
589.3882991
589.3882991
589.3882991
589.3882991
589.3882991
589.3882991
589.3882991
589.3882991
589.3882991
589.3882991
589.3882991
589.3882991
589.3882991
589.3882991
589.3882991
589.3882991
589.3882991
589.3882991
589.3882991
589.3882991
589.3882991
589.3882991
589.3882991
589.3882991
589.3882991
589.3882991
589.3882991
589.3882991
589.3882991
589.3882991
589.3882991
589.3882991
589.3882991
589.3882991
589.3882991
589.3882991
589.3882991
589.3882991
589.3882991
589.3882991
589.3882991
589.3882991
589.3882991
589.3882991
589.3882991
589.3882991
589.3882991
589.3882991
589.3882991
589.3882991
589.3882991
589.3882991
589.3882991
589.3882991
589.3882991
589.3882991
589.3882991
589.3882991
589.3882991
589.3882991
589.3882991
589.3882991
589.3882991
589.3882991
589.3882991
589.3882991
589.3882991
589.3882991
589.3882991
589.3882991
589.3882991
589.3882991
589.3882991
589.3882991
589.3882991
589.3882991
589.3882991
589.3882991
589.3882991
589.3882991
589.3882991
589.3882991
589.3882991
589.3882991
589.3882991
589.3882991
589.3882991
589.3882991
589.3882991
589.3882991
589.3882991
589.3882991
589.3882991
589.3882991
589.3882991
589.3882991
589.3882991
589.3882991
589.3882991
589.3882991
589.3882991
589.3882991
589.3882991
589.3882991
589.3882991
589.3882991
589.3882991
589.3882991
589.3882991
589.3882991
589.3882991
589.3882991
589.3882991
589.3882991
589.3882991
589.3882991
589.3882991
589.3882991
589.3882991
589.3882991
589.3882991
589.3882991
589.3882991
589.3882991
589.3882991
589.3882991
589.3882991
589.3882991
589.3882991
589.3882991
589.3882991
589.3882991
589.3882991
589.3882991
589.3882991
589.3882991
589.3882991
589.3882991
589.3882991
589.3882991
589.3882991
589.3882991
589.3882991
589.3882991
589.3882991
589.3882991
589.3882991
589.3882991
589.3882991
589.3882991
589.3882991
589.3882991
589.3882991
589.3882991
589.3882991
589.3882991
589.3882991
589.3882991
589.3882991
589.3882991
589.3882991
589.3882991
589.3882991
589.3882991
589.3882991
589.3882991
589.3882991
589.3882991
589.3882991
589.3882991
589.3882991
589.3882991
589.3882991
589.3882991
589.3882991
589.3882991
589.3882991
589.3882991
589.3882991
589.3882991
589.3882991
589.3882991
589.3882991
589.3882991
589.3882991
589.3882991
589.3882991
589.3882991
589.3882991
589.3882991
589.3882991
589.3882991
589.3882991
589.3882991
589.3882991
589.3882991
589.3882991
589.3882991
589.3882991
589.3882991
589.3882991
589.3882991
589.3882991
589.3882991
589.3882991
589.3882991
589.3882991
589.3882991
589.3882991
589.3882991
589.3882991
589.3882991
589.3882991
589.3882991
589.3882991
589.3882991
589.3882991
589.3882991
589.3882991
589.3882991
589.3882991
589.3882991
589.3882991
589.3882991
589.3882991
589.3882991
589.3882991
589.3882991
589.3882991
589.3882991
589.3882991
589.3882991
589.3882991
589.3882991
589.3882991
589.3882991
589.3882991
589.3882991
589.3882991
589.3882991
589.3882991
589.3882991
589.3882991
589.3882991
589.3882991
589.3882991
589.3882991
589.3882991
589.3882991
589.3882991
589.3882991
589.3882991
589.3882991
589.3882991
589.3882991
589.3882991
589.3882991
589.3882991
589.3882991
589.3882991
589.3882991
589.3882991
589.3882991
589.3882991
589.3882991
589.3882991
589.3882991
589.3882991
589.3882991
589.3882991
589.3882991
589.3882991
589.3882991
589.3882991
589.3882991
589.3882991
589.3882991
589.3882991
589.3882991
589.3882991
589.3882991
589.3882991
589.3882991
589.3882991
589.3882991
589.3882991
589.3882991
589.3882991
589.3882991
589.3882991
589.3882991
589.3882991
589.3882991
589.3882991
589.3882991
589.3882991
589.3882991
589.3882991
589.3882991
589.3882991
589.3882991
589.3882991
589.3882991
589.3882991
589.3882991
589.3882991
589.3882991
589.3882991
589.3882991
589.3882991
589.3882991
590.755
590.755
590.755
590.755
590.755
590.755
590.755
590.755
590.755
590.755
590.755
590.755
590.8718
590.8718
590.8718
590.8718
590.8718
590.8718
596.57
596.57
596.57
596.57
596.57
596.57
596.57
596.57
596.57
596.57
596.57
596.57
600.93415
600.93415
600.93415
600.93415
600.93415
600.93415
600.93415
600.93415
600.93415
600.93415
600.93415
600.93415
600.93415
600.93415
600.93415
600.93415
600.93415
600.93415
600.93415
600.93415
600.93415
600.93415
600.93415
600.93415
600.93415
600.93415
600.93415
600.93415
600.93415
600.93415
600.93415
600.93415
600.93415
600.93415
600.93415
600.93415
600.93415
600.93415
600.93415
600.93415
600.93415
600.93415
600.93415
600.93415
600.93415
600.93415
600.93415
600.93415
600.93415
600.93415
600.93415
600.93415
600.93415
600.93415
600.93415
600.93415
600.93415
600.93415
600.93415
601.7602
601.7602
604.1943
604.1943
604.575
604.575
604.575
604.575
604.575
604.575
604.575
604.575
604.575
604.575
604.575
604.575
604.575
604.575
604.575
604.575
604.575
604.575
604.575
604.575
604.575
604.575
604.575
604.575
604.575
604.575
604.575
604.575
604.575
604.575
604.575
604.575
608.1480167
608.1480167
608.1480167
608.1480167
608.1480167
608.1480167
608.1480167
608.1480167
608.1480167
608.1480167
608.1480167
608.1480167
608.1480167
608.1480167
608.8612
608.8612
608.8612
608.8612
608.8612
608.8612
608.8612
620.3162071
620.3162071
620.3162071
620.3162071
620.3162071
620.3162071
620.3162071
620.3162071
620.3162071
620.3162071
620.3162071
622.64395
624.3996409
624.3996409
624.3996409
624.3996409
624.3996409
624.3996409
624.3996409
624.3996409
624.3996409
624.3996409
624.3996409
624.3996409
624.3996409
624.3996409
624.3996409
624.3996409
624.3996409
624.3996409
624.3996409
624.3996409
624.3996409
624.3996409
624.3996409
624.3996409
624.3996409
624.3996409
624.3996409
624.3996409
624.3996409
624.3996409
624.3996409
624.3996409
624.3996409
624.3996409
624.3996409
624.3996409
624.3996409
624.3996409
624.3996409
624.3996409
624.3996409
624.3996409
624.3996409
624.3996409
624.3996409
624.3996409
624.3996409
624.3996409
624.3996409
624.3996409
624.3996409
624.3996409
624.3996409
624.3996409
624.3996409
624.3996409
624.3996409
624.3996409
624.3996409
624.3996409
624.3996409
624.3996409
624.3996409
624.3996409
624.3996409
624.3996409
624.3996409
624.3996409
624.3996409
624.3996409
624.3996409
624.3996409
624.3996409
624.3996409
624.3996409
624.3996409
624.3996409
624.3996409
624.3996409
624.3996409
624.3996409
624.3996409
624.3996409
624.3996409
624.3996409
624.3996409
624.3996409
624.3996409
624.3996409
624.3996409
624.3996409
624.3996409
624.3996409
624.3996409
624.3996409
624.3996409
624.3996409
624.3996409
624.3996409
624.3996409
624.3996409
624.3996409
624.3996409
624.3996409
624.3996409
624.3996409
624.3996409
624.3996409
624.3996409
624.3996409
624.3996409
624.3996409
624.3996409
624.3996409
624.3996409
624.3996409
624.3996409
624.3996409
624.3996409
624.3996409
624.3996409
624.3996409
624.3996409
624.3996409
624.3996409
624.3996409
624.3996409
624.3996409
624.3996409
624.3996409
624.3996409
624.3996409
624.3996409
624.3996409
624.3996409
624.3996409
624.3996409
624.3996409
624.3996409
624.3996409
624.3996409
624.3996409
624.3996409
624.3996409
624.3996409
624.3996409
624.3996409
624.3996409
624.3996409
624.3996409
624.3996409
624.3996409
624.3996409
624.3996409
624.3996409
624.3996409
624.3996409
624.3996409
624.3996409
624.3996409
624.3996409
624.3996409
624.3996409
624.3996409
624.3996409
624.3996409
624.3996409
624.3996409
624.3996409
624.3996409
624.3996409
624.3996409
624.3996409
624.3996409
624.3996409
624.3996409
624.3996409
624.3996409
624.3996409
624.3996409
624.3996409
624.3996409
624.3996409
624.3996409
624.3996409
624.3996409
624.3996409
624.3996409
624.3996409
624.3996409
624.3996409
624.3996409
624.3996409
624.3996409
624.3996409
624.3996409
624.3996409
624.3996409
624.3996409
624.3996409
624.3996409
624.3996409
624.3996409
624.3996409
624.3996409
624.3996409
624.3996409
624.3996409
624.3996409
624.3996409
624.3996409
624.3996409
624.3996409
624.3996409
624.3996409
624.3996409
624.3996409
624.3996409
625.1262
625.1262
625.1262
625.1262
625.1262
625.1262
625.1262
625.1262
625.1262
625.1262
625.1262
626.1779714
626.1779714
626.1779714
627.2105
627.2105
627.2105
627.2105
627.2105
628.295
628.295
628.295
628.295
628.295
628.295
628.295
628.295
628.295
628.295
628.295
628.295
628.295
628.295
628.295
628.295
628.295
628.295
628.295
628.295
628.295
628.295
628.295
628.295
628.295
628.295
628.295
628.295
628.295
631.7859833
631.7859833
631.7859833
631.7859833
631.7859833
631.7859833
631.7859833
631.7859833
631.7859833
631.7859833
631.7859833
631.7859833
631.7859833
631.7859833
631.7859833
631.7859833
631.7859833
631.7859833
631.7859833
631.7859833
631.7859833
631.7859833
631.7859833
631.9493
631.9493
631.9493
631.9493
631.9493
631.9493
631.9493
631.9493
631.9493
631.9493
631.9493
631.9493
631.9493
631.9493
631.9493
635.2804944
635.2804944
635.2804944
635.2804944
635.2804944
635.2804944
635.2804944
635.2804944
635.2804944
635.2804944
635.2804944
635.2804944
635.2804944
635.2804944
635.2804944
635.2804944
635.2804944
635.2804944
635.2804944
635.2804944
635.2804944
635.2804944
635.2804944
635.2804944
635.2804944
635.2804944
635.2804944
635.2804944
635.2804944
635.2804944
635.2804944
635.2804944
635.2804944
635.2804944
635.2804944
635.2804944
635.2804944
635.2804944
635.2804944
635.2804944
635.2804944
635.2804944
635.2804944
635.2804944
635.2804944
635.2804944
635.2804944
639.6318318
639.6318318
639.6318318
639.6318318
639.6318318
639.6318318
639.6318318
639.6318318
639.6318318
639.6318318
639.6318318
639.6318318
639.6318318
639.6318318
639.6318318
639.6318318
639.6318318
639.6318318
639.6318318
639.6318318
639.6318318
639.6318318
639.6318318
639.6318318
639.6318318
639.6318318
639.6318318
639.6318318
639.6318318
639.6318318
639.6318318
639.6318318
639.6318318
639.6318318
639.6318318
639.6318318
639.6318318
639.6318318
639.6318318
639.6318318
639.6318318
639.6318318
639.6318318
639.6318318
639.6318318
639.6318318
639.6318318
639.6318318
639.6318318
639.6318318
639.6318318
639.6318318
639.6318318
639.6318318
639.6318318
639.6318318
639.6318318
639.6318318
639.6318318
639.6318318
639.6318318
639.6318318
639.6318318
639.6318318
639.6318318
639.6318318
639.6318318
639.6318318
639.6318318
639.6318318
639.6318318
639.6318318
639.6318318
639.6318318
639.6318318
639.6318318
639.6318318
639.6318318
639.6318318
639.6318318
639.6318318
639.6318318
639.6318318
639.6318318
639.6318318
639.6318318
639.6318318
639.6318318
639.6318318
639.6318318
639.6318318
639.6318318
639.6318318
639.6318318
639.6318318
639.6318318
639.6318318
639.6318318
639.6318318
639.6318318
639.6318318
639.6318318
639.6318318
639.6318318
639.6318318
639.6318318
639.6318318
639.6318318
639.6318318
639.6318318
639.6318318
639.6318318
639.6318318
639.6318318
639.6318318
639.6318318
639.6318318
639.6318318
639.6318318
639.6318318
639.6318318
639.6318318
639.6318318
639.6318318
639.6318318
639.6318318
639.6318318
639.6318318
639.6318318
639.6318318
639.6318318
639.6318318
639.6318318
639.6318318
639.6318318
639.6318318
639.6318318
639.6318318
639.6318318
639.6318318
639.6318318
639.6318318
639.6318318
639.6318318
639.6318318
639.6318318
639.6318318
639.6318318
639.6318318
639.6318318
639.6318318
639.6318318
639.6318318
639.6318318
639.6318318
639.6318318
639.6318318
639.6318318
639.6318318
642.840025
642.840025
642.840025
642.840025
642.840025
642.840025
642.840025
642.840025
642.840025
642.840025
642.840025
642.840025
642.840025
642.840025
642.840025
642.840025
642.840025
642.840025
642.840025
642.840025
642.840025
642.840025
642.840025
642.840025
642.840025
642.840025
642.840025
642.840025
642.840025
642.840025
642.840025
642.840025
642.840025
642.840025
642.840025
646.7451143
646.7451143
646.7451143
646.7451143
649.02515
649.02515
649.02515
649.02515
649.02515
649.02515
649.02515
650.0125
650.0125
650.0125
650.0125
650.0125
650.0125
650.0125
650.0125
650.0125
650.0125
650.0125
650.0125
650.0125
650.0125
650.0125
650.0125
650.0125
656.0875
656.0875
678.278925
678.278925
678.278925
678.278925
682.2908
682.2908
682.2908
682.2908
682.2908
683.31225
684.5132021
688.06545
688.06545
688.06545
695.32235
695.32235
695.32235
695.32235
695.32235
695.32235
697.30675
712.22605
717.0425
717.0425
717.0425
717.0425
717.0425
717.0425
717.0425
717.0425
717.0425
717.0425
717.0425
717.0425
717.0425
717.0425
717.0425
717.0425
717.0425
717.0425
717.0425
717.0425
717.7762436
717.7762436
717.7762436
717.7762436
717.7762436
717.7762436
717.7762436
717.7762436
717.7762436
717.7762436
717.7762436
726.1971375
726.1971375
726.1971375
726.1971375
726.1971375
726.1971375
726.1971375
726.1971375
726.1971375
726.1971375
726.1971375
727.31515
727.31515
730
731.3936
731.3936
731.7872
731.7872
731.7872
731.7872
731.7872
731.7872
731.7872
731.7872
731.7872
731.7872
731.7872
731.7872
731.7872
731.7872
731.7872
731.7872
731.7872
739.0095889
739.0095889
739.0095889
739.0095889
739.0095889
739.0095889
739.0095889
739.0095889
739.0095889
739.0095889
739.0095889
739.0095889
739.0095889
739.0095889
739.0095889
739.0095889
739.0095889
739.0095889
739.0095889
739.0095889
739.0095889
739.0095889
739.0095889
739.0095889
739.0095889
739.0095889
739.0095889
739.0095889
739.0095889
739.0095889
739.0095889
739.0095889
739.0095889
739.0095889
739.0095889
739.0095889
739.0095889
739.0095889
739.0095889
739.0095889
739.0095889
739.0095889
739.0095889
739.0095889
739.0095889
739.0095889
739.0095889
739.0095889
739.0095889
739.0095889
739.0095889
739.0095889
739.0095889
739.0095889
739.0095889
739.0095889
750.2261667
750.2261667
750.2261667
750.2261667
750.2261667
750.2261667
750.2261667
750.2261667
751.47417
751.47417
751.47417
751.47417
751.47417
751.47417
751.47417
751.47417
751.47417
751.47417
751.47417
751.47417
751.47417
751.47417
751.47417
751.47417
751.47417
751.47417
751.47417
751.47417
751.47417
751.47417
751.795
751.795
751.795
751.795
751.795
751.795
759.1857214
759.1857214
759.1857214
759.1857214
759.1857214
759.1857214
759.1857214
759.1857214
759.1857214
759.1857214
759.1857214
759.1857214
759.1857214
759.1857214
759.1857214
759.1857214
759.1857214
759.1857214
759.1857214
759.1857214
759.1857214
759.1857214
759.1857214
759.1857214
763.4281
763.4281
763.4281
763.5382
766.22453
766.22453
766.22453
766.22453
766.22453
766.22453
766.22453
766.22453
766.22453
766.22453
766.22453
766.22453
766.22453
766.22453
766.22453
766.22453
766.22453
766.22453
766.22453
766.22453
766.22453
766.22453
766.22453
766.22453
766.22453
766.22453
766.22453
766.22453
781.5326333
781.5326333
781.5326333
781.5326333
781.5326333
781.5326333
781.5326333
781.5326333
781.5326333
781.5326333
781.5326333
781.5326333
781.5326333
781.5326333
781.5326333
781.5326333
781.5326333
781.5326333
781.5326333
781.5326333
781.5326333
786.86995
786.9028
786.9028
786.9028
787.9135
787.9135
788.4
788.4
788.4
788.4
788.4
788.4
788.4
788.4
788.4
788.4
788.4
788.4
788.4
788.4
788.4
788.4
788.4
788.4
788.4
788.4
788.4
788.4
788.4
788.4
788.4
791.6752
791.6752
791.6752
791.6752
824.7267
824.7267
824.7267
824.7267
824.7267
824.7267
824.7267
824.7267
824.7267
824.7267
824.7267
824.7267
824.7267
824.7267
824.9033333
824.9033333
824.9033333
834.8625
837.31
843.3734222
843.3734222
843.3734222
843.3734222
843.3734222
843.3734222
843.3734222
843.3734222
843.3734222
843.3734222
843.3734222
843.3734222
843.3734222
843.3734222
850.77085
850.77085
850.77085
850.77085
854.6685
854.6685
857.0894875
857.0894875
857.0894875
857.0894875
857.0894875
857.0894875
857.0894875
857.0894875
857.0894875
857.0894875
857.0894875
857.0894875
857.0894875
857.0894875
857.0894875
872.68715
872.68715
873.5194667
873.5194667
873.5194667
873.5194667
873.5194667
873.5194667
873.5194667
873.5194667
873.5194667
873.5194667
873.5194667
873.5194667
878.35415
879.124225
879.124225
879.124225
879.124225
879.124225
879.124225
879.124225
879.124225
879.124225
879.124225
879.124225
879.124225
879.124225
879.124225
879.124225
879.124225
879.124225
879.124225
879.124225
884.68295
884.68295
884.68295
884.68295
884.68295
884.68295
884.68295
884.68295
884.68295
884.68295
884.68295
884.68295
884.68295
884.68295
884.68295
884.68295
884.68295
884.68295
884.68295
884.68295
886.2761
886.2761
886.2761
886.2761
886.2761
886.2761
886.2761
886.2761
886.2761
894.25
894.25
894.25
894.25
894.25
894.25
894.25
894.25
894.25
894.25
894.25
894.25
894.25
894.25
894.25
894.25
894.25
894.25
894.25
894.25
894.25
894.25
894.25
894.25
894.25
919.8561
919.8561
940.3939
951.2818
951.2818
951.2818
951.2818
951.2818
951.2818
951.2818
951.2818
951.2818
951.2818
951.2818
951.2818
951.2818
951.2818
951.2818
951.2818
951.2818
951.2818
951.2818
951.2818
951.2818
951.2818
951.2818
951.2818
951.2818
951.2818
951.2818
951.2818
951.2818
951.2818
951.2818
951.2818
951.2818
951.2818
951.2818
951.2818
951.2818
951.2818
951.2818
951.2818
951.2818
951.2818
951.2818
951.2818
951.2818
951.2818
951.2818
953.4568
953.4568
967.375
967.375
967.375
969.6242333
969.8600667
969.8600667
969.8600667
969.8600667
969.8600667
969.8600667
969.8600667
981.282475
981.282475
981.282475
987.63075
987.63075
987.63075
987.63075
987.63075
987.63075
987.63075
987.63075
987.63075
987.63075
987.63075
987.63075
987.63075
987.63075
987.63075
996.4534
996.4534
996.4534
997.9661
998.5837333
998.5837333
998.6765636
998.6765636
998.6765636
998.6765636
998.6765636
998.6765636
998.6765636
998.6765636
998.6765636
1000.1
1000.1
1000.1
1000.1
1000.1
1000.1
1000.1
1000.1
1013.94125
1013.94125
1019.5643
1032.923574
1032.923574
1032.923574
1032.923574
1032.923574
1032.923574
1032.923574
1032.923574
1032.923574
1032.923574
1032.923574
1032.923574
1032.923574
1032.923574
1032.923574
1032.923574
1032.923574
1032.923574
1032.923574
1032.923574
1032.923574
1032.923574
1032.923574
1032.923574
1032.923574
1032.923574
1032.923574
1032.923574
1032.923574
1032.923574
1032.923574
1032.923574
1032.923574
1032.923574
1032.923574
1032.923574
1032.923574
1033.3533
1033.3533
1033.3533
1033.3533
1033.3533
1036.557583
1036.557583
1036.557583
1036.557583
1036.557583
1036.557583
1036.557583
1036.557583
1036.557583
1036.557583
1036.557583
1036.557583
1036.557583
1036.557583
1036.557583
1036.557583
1036.557583
1036.557583
1036.557583
1036.557583
1036.557583
1036.557583
1036.557583
1036.557583
1036.557583
1036.557583
1036.557583
1036.557583
1036.557583
1036.557583
1036.557583
1036.557583
1036.557583
1036.557583
1036.557583
1036.557583
1036.557583
1036.557583
1036.557583
1036.557583
1036.557583
1036.557583
1041.4111
1041.4111
1041.4111
1041.4111
1041.4111
1041.4111
1041.4111
1041.8725
1041.8725
1041.8725
1044.55125
1044.55125
1047.27668
1047.27668
1047.27668
1047.27668
1047.27668
1047.27668
1047.27668
1047.27668
1047.27668
1047.27668
1047.27668
1047.27668
1047.27668
1047.27668
1047.27668
1047.27668
1047.27668
1047.27668
1047.27668
1047.27668
1047.27668
1047.27668
1047.27668
1047.27668
1047.27668
1047.27668
1047.27668
1052.575981
1053.682907
1053.682907
1053.682907
1053.682907
1053.682907
1053.682907
1053.682907
1053.682907
1053.682907
1053.682907
1053.682907
1053.682907
1053.682907
1053.682907
1053.682907
1053.682907
1053.682907
1053.682907
1053.682907
1053.682907
1053.682907
1053.682907
1053.682907
1053.682907
1053.682907
1053.682907
1053.682907
1053.682907
1053.682907
1053.682907
1053.682907
1053.682907
1053.682907
1053.682907
1053.682907
1058.98334
1058.98334
1058.98334
1058.98334
1064.06475
1064.06475
1064.06475
1064.06475
1064.06475
1064.06475
1064.06475
1064.06475
1064.06475
1064.06475
1064.06475
1064.06475
1064.06475
1064.06475
1064.06475
1064.06475
1064.06475
1064.06475
1064.06475
1064.06475
1064.06475
1064.06475
1070.30375
1095
1095
1100.21785
1101.109973
1101.109973
1101.109973
1101.109973
1101.109973
1101.109973
1101.109973
1101.109973
1101.109973
1101.109973
1101.109973
1101.109973
1101.109973
1101.109973
1101.109973
1101.109973
1101.109973
1101.109973
1104.3199
1104.3199
1104.3199
1104.3199
1104.3199
1104.3199
1104.3199
1104.3199
1104.3199
1104.3199
1126.8755
1126.8755
1126.8755
1126.8755
1126.8755
1126.8755
1126.8755
1126.8755
1160.355
1202.925238
1202.925238
1202.925238
1202.925238
1202.925238
1202.925238
1202.925238
1202.925238
1202.925238
1202.925238
1202.925238
1202.925238
1202.925238
1202.925238
1217.0925
1217.0925
1217.0925
1217.0925
1217.0925
1217.0925
1217.0925
1217.0925
1217.0925
1217.0925
1239.298869
1239.298869
1239.298869
1239.298869
1239.298869
1239.298869
1239.298869
1239.298869
1239.298869
1239.298869
1239.298869
1239.298869
1239.298869
1239.298869
1239.298869
1239.298869
1239.298869
1239.298869
1239.298869
1239.298869
1239.298869
1239.298869
1239.298869
1239.298869
1239.298869
1239.298869
1239.298869
1239.298869
1239.298869
1261.998333
1268.0745
1268.0745
1286.45835
1286.45835
1286.45835
1286.45835
1286.45835
1289.8028
1289.8028
1310.04695
1310.04695
1310.04695
1310.04695
1310.04695
1310.04695
1310.04695
1310.04695
1310.04695
1310.04695
1310.04695
1310.04695
1335.15805
1335.15805
1335.15805
1353.407275
1353.407275
1375.6675
1384.121263
1384.121263
1384.121263
1384.121263
1384.121263
1384.121263
1384.121263
1384.121263
1384.121263
1384.121263
1384.121263
1384.121263
1384.121263
1384.121263
1384.121263
1384.121263
1384.121263
1384.121263
1384.121263
1384.121263
1384.121263
1384.121263
1384.121263
1384.121263
1384.121263
1384.121263
1384.121263
1384.121263
1384.121263
1384.121263
1384.121263
1384.121263
1384.121263
1384.121263
1384.121263
1384.121263
1384.121263
1384.121263
1384.121263
1384.121263
1384.121263
1384.121263
1384.121263
1384.121263
1384.121263
1384.121263
1384.121263
1384.121263
1384.121263
1384.121263
1384.121263
1384.121263
1384.121263
1384.121263
1384.121263
1384.121263
1384.121263
1384.121263
1384.121263
1384.121263
1384.121263
1384.121263
1384.121263
1384.121263
1384.121263
1384.121263
1384.121263
1384.121263
1384.121263
1384.121263
1384.121263
1384.121263
1384.121263
1384.121263
1384.121263
1384.121263
1384.121263
1384.121263
1384.121263
1384.121263
1384.121263
1384.121263
1384.121263
1384.121263
1384.121263
1384.121263
1384.121263
1384.121263
1384.121263
1384.121263
1427.913317
1427.913317
1427.913317
1427.913317
1427.913317
1427.913317
1427.913317
1427.913317
1427.913317
1427.913317
1427.913317
1427.913317
1427.913317
1427.913317
1427.913317
1427.913317
1427.913317
1427.913317
1427.913317
1427.913317
1427.913317
1427.913317
1427.913317
1427.913317
1427.913317
1427.913317
1427.913317
1427.913317
1427.913317
1427.913317
1427.913317
1427.913317
1427.913317
1427.913317
1427.913317
1427.913317
1427.913317
1427.913317
1427.913317
1427.913317
1427.913317
1427.913317
1427.913317
1427.913317
1427.913317
1427.913317
1427.913317
1427.913317
1427.913317
1427.913317
1427.913317
1427.913317
1427.913317
1427.913317
1427.913317
1427.913317
1427.913317
1427.913317
1427.913317
1427.913317
1427.913317
1427.913317
1427.913317
1427.913317
1427.913317
1427.913317
1427.913317
1427.913317
1427.913317
1427.913317
1427.913317
1427.913317
1427.913317
1427.913317
1427.913317
1427.913317
1427.913317
1427.913317
1427.913317
1427.913317
1427.913317
1427.913317
1427.913317
1427.913317
1427.913317
1427.913317
1427.913317
1427.913317
1427.913317
1427.913317
1427.913317
1427.913317
1427.913317
1427.913317
1427.913317
1427.913317
1427.913317
1453.76635
1453.76635
1458.084583
1458.084583
1458.084583
1458.084583
1458.084583
1458.084583
1458.084583
1458.084583
1458.084583
1458.084583
1458.084583
1458.084583
1458.084583
1458.084583
1458.084583
1458.084583
1458.084583
1458.084583
1458.084583
1460
1460
1460
1460
1460
1460
1542.056417
1553.790873
1553.790873
1553.790873
1553.790873
1553.790873
1553.790873
1553.790873
1553.790873
1553.790873
1553.790873
1553.790873
1553.790873
1553.790873
1553.790873
1553.790873
1553.790873
1553.790873
1553.790873
1553.790873
1553.790873
1553.790873
1553.790873
1553.790873
1553.790873
1553.790873
1553.790873
1553.790873
1553.790873
1553.790873
1553.790873
1553.790873
1553.790873
1553.790873
1553.790873
1553.790873
1553.790873
1553.790873
1553.790873
1553.790873
1553.790873
1553.790873
1553.790873
1553.790873
1553.790873
1553.790873
1553.790873
1553.790873
1553.790873
1553.790873
1553.790873
1553.790873
1553.790873
1553.790873
1567.7682
1567.7682
1567.7682
1567.7682
1574.197675
1574.197675
1574.197675
1584.66165
1585.1964
1585.1964
1585.1964
1585.1964
1585.1964
1585.1964
1585.1964
1585.1964
1585.1964
1585.1964
1585.1964
1585.1964
1585.1964
1585.1964
1595.20195
1599.6536
1637.770967
1637.770967
1637.770967
1637.770967
1637.770967
1637.770967
1637.770967
1637.770967
1637.770967
1637.770967
1637.770967
1637.770967
1637.770967
1637.770967
1637.770967
1637.770967
1637.770967
1637.770967
1637.770967
1637.770967
1637.770967
1637.770967
1642.5
1642.5
1642.5
1642.5
1642.5
1642.5
1642.5
1672.7732
1675.8343
1677.175
1677.175
1677.175
1677.175
1677.175
1677.175
1703.78485
1705.4042
1705.4042
1705.4042
1705.4042
1705.4042
1705.4042
1709.295
1735.559295
1740.556575
1740.556575
1740.556575
1776.618367
1776.618367
1776.618367
1776.618367
1776.618367
1825
1825
1825
1825
1825
1825
1825
1825
1825
1825
1825
1825
1825
1825
1825
1825
1825
1825
1825
1825
1825
1825
1825
1825
1825
1825
1825
1825
1825
1825
1825
1825
1825
1825
1825
1825
1825
1825
1825
1825
1825
1825
1825
1825
1825
1825
1825
1825
1825
1825
1825
1825
1825
1825
1825
1825
1825
1825
1825
1825
1825
1825
1825
1825
1825
1825
1825
1825
1825
1825
1825
1825
1825
1825
1825
1825
1825
1825
1825
1825
1825
1825
1825
1825
1825
1825
1825
1825
1825
1825
1825
1825
1825
1825
1825
1825
1825
1825
1825
1825
1825
1825
1825
1825
1831.21217
1834.2256
1834.2256
1834.2256
1834.2256
1834.2256
1834.2256
1834.2256
1834.2256
1834.2256
1834.2256
1834.2256
1834.2256
1834.2256
1834.2256
1834.2256
1834.2256
1834.2256
1834.2256
1834.2256
1834.2256
1834.2256
1834.2256
1834.2256
1834.2256
1834.2256
1834.2256
1834.2256
1834.2256
1834.2256
1834.2256
1834.2256
1834.2256
1834.2256
1834.2256
1834.2256
1834.2256
1834.2256
1834.2256
1834.2256
1834.2256
1834.2256
1834.2256
1834.2256
1834.2256
1834.2256
1834.2256
1834.2256
1834.2256
1834.2256
1834.2256
1834.2256
1834.2256
1834.2256
1834.2256
1834.2256
1834.2256
1834.2256
1834.2256
1834.2256
1834.2256
1834.2256
1834.2256
1834.2256
1834.2256
1834.2256
1834.2256
1834.2256
1834.2256
1834.2256
1834.2256
1834.2256
1834.2256
1834.2256
1834.2256
1834.2256
1834.2256
1834.2256
1834.2256
1834.2256
1834.2256
1834.2256
1834.2256
1834.2256
1840.71085
1843.573729
1847.5352
1847.5352
1847.5352
1847.5352
1851.9955
1854.65
1859.11975
1859.11975
1859.11975
1859.11975
1866.5067
1866.5067
1866.5067
1866.5067
1866.5067
1866.5067
1866.5067
1866.5067
1866.5067
1866.5067
1866.5067
1866.5067
1870.1919
1870.1919
1870.1919
1881.721
1885.946275
1885.946275
1885.946275
1885.946275
1885.946275
1885.946275
1885.946275
1885.946275
1885.946275
1885.946275
1885.946275
1885.946275
1885.946275
1885.946275
1885.946275
1885.946275
1885.946275
1885.946275
1885.946275
1885.946275
1885.946275
1885.946275
1885.946275
1885.946275
1885.946275
1885.946275
1885.946275
1885.946275
1885.946275
1885.946275
1885.946275
1885.946275
1885.946275
1885.946275
1885.946275
1885.946275
1885.946275
1885.946275
1885.946275
1885.946275
1885.946275
1885.946275
1885.946275
1885.946275
1885.946275
1885.946275
1885.946275
1885.946275
1885.946275
1885.946275
1885.946275
1885.946275
1885.946275
1885.946275
1885.946275
1885.946275
1885.946275
1885.946275
1885.946275
1885.946275
1888.065371
1888.065371
1888.065371
1888.065371
1888.065371
1888.065371
1888.065371
1888.065371
1888.065371
1888.065371
1888.065371
1888.065371
1891.0246
1891.0246
1891.0246
1891.0246
1891.0246
1891.0246
1891.0246
1891.0246
1891.0246
1900.628
1901.915067
1905.2339
1905.2339
1905.2339
1905.2339
1920.4777
1920.4777
1920.4777
1920.4777
1920.4777
1920.4777
1920.4777
1920.4777
1920.4777
1920.4777
1920.4777
1920.4777
1920.4777
1920.4777
1920.4777
1920.4777
1920.4777
1920.4777
1920.4777
1942.65704
1943.920417
1976.82975
1976.82975
1976.82975
1976.82975
1976.82975
1976.82975
1985.8012
1985.8012
1985.8012
1985.8012
1995.6986
1995.6986
1995.6986
1995.6986
1995.6986
1995.6986
1995.6986
1995.6986
1995.6986
1995.6986
1995.6986
1995.6986
1995.6986
1995.6986
1995.6986
1995.6986
1995.6986
1995.6986
1995.6986
1995.6986
1995.6986
1995.6986
1995.6986
2000.363913
2000.363913
2000.363913
2000.363913
2000.363913
2000.363913
2000.363913
2000.363913
2000.363913
2000.363913
2000.363913
2000.363913
2000.363913
2000.363913
2000.363913
2000.363913
2000.363913
2000.363913
2015.755102
2015.755102
2015.755102
2015.755102
2015.755102
2015.755102
2015.755102
2015.755102
2015.755102
2015.755102
2015.755102
2015.755102
2015.755102
2023.309775
2023.309775
2023.309775
2023.309775
2023.309775
2023.309775
2023.309775
2023.309775
2023.309775
2030.35395
2031.281017
2031.281017
2051.666208
2051.666208
2051.666208
2051.666208
2051.666208
2051.666208
2051.666208
2051.666208
2051.666208
2051.666208
2051.666208
2051.666208
2051.666208
2051.666208
2051.666208
2051.666208
2051.666208
2051.666208
2051.666208
2051.666208
2051.666208
2051.666208
2051.666208
2051.666208
2051.666208
2051.666208
2051.666208
2051.666208
2051.666208
2051.666208
2051.666208
2051.666208
2051.666208
2051.666208
2051.666208
2051.666208
2051.666208
2051.666208
2051.666208
2051.666208
2051.666208
2051.666208
2051.666208
2051.666208
2051.666208
2051.666208
2051.666208
2051.666208
2051.666208
2051.666208
2051.666208
2051.666208
2051.666208
2051.666208
2051.666208
2051.666208
2051.666208
2051.666208
2051.666208
2051.666208
2051.666208
2051.666208
2051.666208
2051.666208
2051.666208
2051.666208
2051.666208
2051.666208
2051.666208
2051.666208
2051.666208
2051.666208
2051.666208
2053.5145
2053.5145
2053.5145
2053.5145
2053.5145
2053.5145
2053.5145
2053.5145
2053.5145
2053.5145
2053.5145
2053.5145
2053.5145
2053.5145
2053.5145
2055.239876
2055.239876
2055.239876
2055.239876
2055.239876
2055.239876
2055.239876
2055.239876
2055.239876
2055.239876
2055.239876
2055.239876
2055.239876
2055.239876
2055.239876
2055.239876
2055.239876
2055.239876
2055.239876
2055.239876
2055.239876
2055.239876
2055.239876
2055.239876
2055.239876
2055.239876
2055.239876
2055.239876
2055.239876
2055.239876
2055.239876
2055.239876
2055.239876
2055.239876
2055.239876
2055.239876
2055.239876
2055.239876
2055.239876
2055.239876
2055.239876
2055.239876
2055.239876
2055.239876
2055.239876
2055.239876
2055.239876
2055.239876
2055.239876
2055.239876
2055.239876
2055.239876
2055.239876
2055.239876
2055.239876
2055.239876
2055.239876
2055.239876
2055.239876
2055.239876
2055.239876
2055.239876
2055.239876
2055.239876
2055.239876
2064.0671
2064.0671
2064.0671
2064.0671
2064.27635
2064.27635
2064.27635
2064.27635
2064.27635
2064.27635
2064.27635
2064.27635
2064.27635
2064.27635
2064.27635
2064.27635
2064.27635
2064.27635
2064.27635
2064.27635
2064.27635
2064.27635
2064.27635
2064.27635
2064.27635
2064.27635
2064.27635
2064.27635
2064.27635
2064.27635
2064.27635
2064.27635
2064.27635
2064.27635
2064.27635
2064.27635
2064.27635
2064.27635
2064.27635
2064.27635
2064.27635
2064.27635
2064.27635
2064.27635
2064.27635
2064.27635
2064.27635
2064.27635
2064.27635
2064.27635
2064.27635
2064.27635
2064.27635
2064.27635
2064.27635
2064.27635
2064.27635
2064.27635
2064.27635
2064.27635
2064.27635
2064.27635
2064.27635
2064.27635
2064.27635
2064.27635
2064.27635
2064.27635
2064.27635
2064.27635
2064.27635
2064.27635
2064.27635
2064.27635
2064.27635
2064.27635
2064.27635
2064.27635
2064.27635
2064.27635
2064.27635
2064.27635
2064.27635
2064.27635
2064.27635
2064.27635
2064.27635
2064.27635
2064.27635
2064.27635
2064.27635
2064.27635
2064.27635
2064.27635
2064.27635
2064.27635
2064.27635
2064.27635
2064.27635
2064.27635
2064.27635
2064.27635
2064.27635
2064.27635
2064.27635
2064.27635
2064.27635
2064.27635
2064.27635
2064.27635
2064.27635
2064.27635
2064.27635
2064.27635
2064.27635
2064.27635
2064.27635
2064.27635
2064.27635
2064.27635
2064.27635
2064.27635
2064.27635
2064.27635
2064.27635
2064.27635
2064.27635
2064.27635
2064.27635
2064.27635
2064.27635
2064.27635
2064.27635
2064.27635
2064.27635
2064.27635
2064.27635
2064.27635
2064.27635
2064.27635
2064.27635
2064.27635
2064.27635
2064.27635
2064.27635
2064.27635
2064.27635
2064.27635
2070.531028
2070.531028
2070.531028
2070.531028
2070.531028
2070.531028
2070.531028
2070.531028
2070.531028
2070.531028
2070.531028
2070.531028
2070.531028
2070.531028
2070.531028
2070.531028
2070.531028
2070.531028
2070.531028
2070.531028
2070.531028
2070.531028
2070.531028
2070.531028
2070.531028
2097.4631
2099.6331
2099.6331
2099.6331
2099.6331
2100.6395
2100.6395
2100.6395
2100.6395
2100.6395
2100.6395
2100.6395
2100.6395
2100.6395
2100.6395
2100.6395
2106.05
2106.05
2106.05
2106.05
2106.05
2106.05
2106.628504
2106.628504
2106.628504
2106.628504
2106.628504
2106.628504
2106.628504
2106.628504
2106.628504
2106.628504
2106.628504
2106.628504
2106.628504
2106.628504
2106.628504
2106.628504
2106.628504
2106.628504
2106.628504
2106.628504
2106.628504
2106.628504
2106.628504
2106.628504
2106.628504
2106.628504
2106.628504
2106.628504
2106.628504
2106.628504
2106.628504
2106.628504
2106.628504
2106.628504
2106.628504
2106.628504
2106.628504
2106.628504
2106.628504
2106.628504
2106.628504
2106.628504
2106.628504
2106.628504
2106.628504
2106.628504
2106.628504
2106.628504
2106.628504
2106.628504
2106.628504
2106.628504
2106.628504
2106.628504
2106.628504
2106.628504
2106.628504
2106.628504
2106.628504
2106.628504
2106.628504
2106.628504
2106.628504
2106.628504
2106.628504
2106.628504
2106.628504
2106.628504
2106.628504
2106.628504
2106.628504
2106.628504
2106.628504
2106.628504
2106.628504
2106.628504
2106.628504
2106.628504
2110.588375
2110.588375
2110.588375
2110.588375
2110.588375
2110.588375
2113.949682
2113.949682
2113.949682
2122.200833
2122.200833
2122.200833
2122.200833
2122.200833
2122.200833
2122.200833
2122.200833
2122.200833
2122.200833
2122.200833
2122.200833
2122.200833
2122.200833
2122.200833
2122.200833
2122.200833
2122.200833
2122.200833
2122.200833
2122.200833
2122.200833
2122.200833
2122.200833
2122.200833
2137.174017
2168.0497
2190
2190
2190
2190
2190
2190
2190
2190
2190
2190
2190
2190
2190
2190
2190
2190
2190
2190
2190
2190
2190
2200.53025
2200.53025
2200.53025
2200.53025
2200.53025
2200.53025
2200.53025
2200.53025
2236.94965
2236.94965
2236.94965
2236.94965
2236.94965
2260.17125
2278.1475
2287.540787
2311.607416
2327.157917
2327.157917
2327.157917
2349.856741
2349.856741
2349.856741
2349.856741
2349.856741
2349.856741
2349.856741
2349.856741
2349.856741
2349.856741
2349.856741
2349.856741
2349.856741
2349.856741
2349.856741
2349.856741
2388.1518
2388.1518
2400.9362
2400.9362
2400.9362
2400.9362
2400.9362
2400.9362
2400.9362
2400.9362
2400.9362
2400.9362
2400.9362
2400.9362
2400.9362
2400.9362
2400.9362
2400.9362
2400.9362
2400.9362
2400.9362
2400.9362
2400.9362
2400.9362
2400.9362
2420.773581
2478.710964
2478.710964
2478.710964
2478.710964
2504.38545
2504.38545
2504.38545
2504.38545
2504.38545
2504.38545
2504.38545
2531.779561
2555
2555
2555
2555
2555
2592.853829
2631.140556
2673.844188
2713.29805
2713.29805
2713.29805
2713.29805
2713.29805
2713.29805
2713.29805
2713.29805
2713.29805
2713.29805
2726.53565
2726.53565
2726.53565
2726.53565
2726.53565
2726.53565
2726.53565
2726.53565
2726.53565
2726.53565
2726.53565
2726.53565
2726.53565
2726.53565
2726.53565
2726.53565
2726.53565
2726.53565
2726.53565
2726.53565
2726.53565
2726.53565
2726.53565
2726.53565
2726.53565
2726.53565
2726.53565
2726.53565
2726.53565
2726.53565
2726.53565
2726.53565
2726.53565
2726.53565
2726.53565
2726.53565
2726.53565
2726.53565
2726.53565
2726.53565
2726.53565
2726.53565
2726.53565
2726.53565
2726.53565
2726.53565
2726.53565
2726.53565
2759.4
2759.4
2759.4
2759.4
2759.4
2759.4
2759.4
2759.4
2759.4
2840.441639
2840.441639
2920
2920
2920
2920
2920
2920
2920
2920
2920
2920
2920
2920
2920
2920
2920
2920
2920
2920
2920
2920
2920
2920
2920
2920
2920
2920
2920
2920
2920
2920
2920
2920
2920
2937.38135
2937.38135
2937.38135
2937.38135
2937.38135
2937.38135
2937.38135
2937.38135
2937.38135
2937.38135
2937.38135
2937.38135
2937.38135
2937.38135
2937.38135
2937.38135
2937.38135
2937.38135
2937.38135
2937.38135
2945.918407
2945.918407
2945.918407
2945.918407
2945.918407
2945.918407
2945.918407
2945.918407
2945.918407
2945.918407
2945.918407
2945.918407
2945.918407
2945.918407
2945.918407
2945.918407
2945.918407
2945.918407
2945.918407
2945.918407
2945.918407
2945.918407
2945.918407
2945.918407
2945.918407
2945.918407
2945.918407
2945.918407
2945.918407
2945.918407
2945.918407
2945.918407
2945.918407
2945.918407
2945.918407
2945.918407
2945.918407
2945.918407
2945.918407
2945.918407
2945.918407
2945.918407
2945.918407
2945.918407
2945.918407
2945.918407
2945.918407
2945.918407
2945.918407
2945.918407
2945.918407
2945.918407
2945.918407
2945.918407
2954.623511
2954.623511
2954.623511
2954.623511
3021.565025
3021.565025
3021.565025
3021.565025
3021.565025
3021.565025
3021.565025
3021.565025
3021.565025
3021.565025
3021.565025
3031.9718
3031.9718
3031.9718
3031.9718
3031.9718
3041.701561
3047.8376
3047.8376
3047.8376
3047.8376
3047.8376
3047.8376
3078.3735
3078.3735
3206.295944
3206.295944
3206.295944
3206.295944
3211.54375
3211.54375
3211.54375
3211.54375
3211.54375
3211.54375
3211.54375
3285
3285
3285
3285
3285
3285
3285
3285
3285
3285
3285
3285
3285
3285
3285
3285
3285
3285
3339.4225
3339.4225
3354.315
3354.65875
3354.65875
3354.65875
3412.43975
3412.43975
3412.43975
3442.558333
3492.441667
3492.441667
3492.441667
3545.59095
3597.596429
3597.596429
3618.937877
3618.937877
3618.937877
3649.771875
3649.771875
3649.771875
3649.771875
3649.771875
3649.771875
3649.771875
3649.771875
3650
3650
3650
3650
3650
3650
3650
3650
3650
3650
3650
3650
3650
3650
3650
3650
3650
3650
3650
3650
3650
3650
3650
3650
3650
3650
3650
3650
3650
3650
3650
3650
3650
3650
3650
3650
3650
3650
3650
3650
3650
3650
3650
3650
3650
3650
3650
3650
3650
3650
3650
3650
3650
3650
3650
3650
3650
3728.2195
3728.2195
3728.2195
3728.2195
3728.2195
3864.89375
3864.89375
3873.20485
3873.20485
3873.20485
3873.20485
3875.131454
3875.131454
3875.131454
3875.131454
3888.341186
3888.341186
3888.341186
3888.341186
3888.341186
3888.341186
3888.341186
3915.454545
3915.454545
3923.75
3923.75
3923.75
3936.035513
4015
4015
4015
4015
4015
4015
4015
4015
4015
4015
4015
4015
4015
4015
4015
4015
4015
4024.409658
4024.409658
4061.723281
4236.482
4380
4380
4380
4469.46
4533.4825
4533.4825
4533.4825
4533.4825
4533.4825
4572.989586
4572.989586
4572.989586
4745
4745
4745
4745
4745
4745
4745
4745
4745
4745
4745
4745
4745
4840.09
5069.79419
5069.79419
5110
5370.714286
5418.846154
5475
5475
5475
5475
5475
5475
5475
5475
5475
5475
5475
5475
5475
5475
5475
5475
5475
5475
5475
5475
5475
5657.5
5667.52995
5667.52995
5667.52995
5667.52995
5830.0793
5830.0793
5840
5840
5840
5840
5840
5840
6095.5
6095.5
6427.88
6460.5
6460.5
6460.5
6460.5
6460.5
6460.5
6460.5
6460.5
6460.5
6460.5
6460.5
6460.5
6460.5
6460.5
6460.5
6460.5
6460.5
6460.5
6670.180506
6670.180506
6670.180506
6935
7142.099015
7142.099015
7142.099015
7142.099015
7142.099015
7300
7300
7300
7300
7300
7300
8030
8160.812625
8395
8395
9016.737075
9125
9125
9704.4375
9855
10278.51578
10950
128.9791667
149.0393
202.795
220.35
307.41875
308.1925
341.275
392.97
405.053
416.8545
435.665
440.2920833
440.925
446.445
447.605
448.652
454.5125
455.675
455.9852
465.9675
467.0175
474.4575
494.7575
501.24
502.66
503.8875
546.1994
549.2776
558.5072833
573.2886
577.7512
590.8718
594.0375
594.4425
596.57
604.1943
623.745
625.7925
626.6475
628.295
631.9493
637.2268
650.0125
655.76
656.0875
661.2828333
668.87
671.9993
679.1386
688.0925
717.0425
745.99
751.795
754.6375
787.9135
788.4
806.0416667
824.9033333
837.31
837.8975
892.475
894.25
894.25
894.25
918.0334667
919.8561
940.1262
997.9661
1000.1
1019.5643
1040.3061
1043.775967
1051.1426
1076.5043
1105.95
1105.95
1152.9402
1205.0795
1217.0925
1222.385
1285.2527
1308.1284
1311.7152
1317.65
1327.5927
1328.235
1350.0402
1375.6675
1412.915
1442.15
1458.084583
1460
1470.95
1512.5017
1515.3536
1517.6945
1529.35
1529.35
1576.8
1587.5675
1608.5234
1612.7525
1637.317
1640.6995
1650.809155
1652.841667
1672.7732
1675.8343
1679.8551
1685.9516
1705.4042
1709.295
1719.88
1729.8227
1738.868111
1741.05
1750.9197
1766.8702
1770.8773
1781.543
1818.1211
1821.0727
1825
1825
1825
1825
1825
1834.2256
1847.5352
1868.07
1877.3775
1880.16
1914.548167
1930.5215
1969.1592
1985.8012
1986.497967
1995.6986
2008.23
2034.717
2053.5145
2063.71
2091.936667
2093.883333
2100.94
2106.05
2131.079367
2156.5235
2156.849633
2158.975
2166.3627
2167.5525
2178.563333
2190
2190
2190
2190
2190
2190
2190
2190
2190
2190
2190
2190
2211.0605
2227.96
2239.8225
2275.812133
2277.7095
2278.1475
2283.2259
2287.576667
2302.780267
2335.391667
2338.92
2362.6281
2380.2636
2444.77
2477.3645
2508.28
2512.1125
2542.7725
2555
2555
2555
2555
2555
2555
2555
2555
2555
2569.032222
2584.9082
2589.7627
2600.267433
2634.501667
2656.07
2660.837833
2674.111667
2693.790067
2713.883333
2717.425
2718.2743
2746.4425
2746.500967
2747.350267
2763.926
2778.38
2847
2860.14
2863.875333
2864.106333
2866.554367
2878.755
2883.256667
2905.4
2920
2920
2920
2920
2920
2920
2942.265
2944.82
2949.321667
2958.933333
3018.0586
3028.845
3037.9511
3053.3552
3053.358833
3070.224367
3079.14
3100.066667
3102.621667
3102.921667
3170.271
3184.472917
3218.3145
3235.116667
3244.5411
3247.0961
3283.175
3285
3285
3285
3285
3285
3285
3285
3286.095
3294.125
3299.6
3326.9897
3341.575
3400.645433
3405.9027
3467.5
3469.92725
3499.206333
3503.0875
3529.3359
3539.8795
3559.188
3567.388333
3574.6373
3587.7675
3595.3298
3601.747
3624.815
3650
3650
3650
3650
3650
3650
3650
3650
3650
3650
3650
3650
3650
3650
3659.125
3674.846867
3693.8
3721.7786
3750.594
3789.3175
3806.439
3810.032222
3833.157
3833.595
3907.325
4000.2175
4015
4015
4015
4015
4015
4015
4024.699367
4117.2
4120.412
4154.1015
4169.76
4212.1
4232.248
4236.482
4288.141667
4418.325
4444.7875
4456.1902
4509.575
4533.4825
4682.9135
4734.076867
4745
4745
4745
4917.1705
5058.9
5076.8362
5110
5118.76
5209.4516
5251.011667
5332.504
5413.68
5475
5475
5475
5475
5475
5475
5475
5475
5475
5508.653
5509.018
5529.75
5714.3305
5840
5840
5976.266667
6188.575
6205
6212.3
6427.88
6794.84
6851.989367
6865.345833
6935
7300
7300
8030
8030
9125
9380.5
9553.875
9855
